2.943204504296297042e-02 3.664526963998741144e-02 -5.363102895533601588e-02
-1.564332435670966540e-02 -5.933040428122288157e-02 -2.223009760214157693e-02
1.471619444602512269e-04 -8.348301447310819273e-03 9.210578872635037662e-03
-3.526674704062930654e-02 -4.583241517335237547e-02 2.976428949288617044e-03
4.456731029422335288e-02 -3.542937982947750447e-02 -6.176880219171094512e-03
1.194528148210503848e-01 4.092500876428228213e-02 1.473370411915796499e-02
-8.220136878874652331e-02 1.124157960196869518e-02 -2.795307162269371204e-02
4.524778843759157121e-02 -2.500184937858766776e-02 -2.886724779948134437e-02
-1.237772685657256670e-02 4.397982893482621156e-03 3.058549503653070975e-02
-6.228658470333024721e-02 1.438893837045484604e-02 -5.007873899975171135e-03
5.387421616512488853e-02 4.089257838509428866e-02 -5.666895510688357840e-02
-1.861076983386051112e-02 -2.179193363082299745e-02 -1.980651672147857451e-02
-3.212449366658549216e-02 2.126061202673791214e-02 -5.691686660045583435e-02
-3.210107490147270926e-02 -2.552668007642952888e-02 -4.052359613724464821e-02
-1.136392698092718728e-01 3.678398294593690498e-02 -1.845008863292265863e-02
2.671023948581963472e-02 -4.189015266794343662e-02 -3.077661117124488518e-02
5.483853717802771727e-02 7.455889325535199758e-03 -6.927366993472364176e-03
7.856395058054282954e-02 -2.711631502170461835e-03 4.309737419294848849e-04
-1.762099205441923847e-02 -6.351667822705636679e-02 2.361888140317050001e-03
-5.189287587541142194e-02 -2.547168452661826774e-02 -1.748581513213400690e-02
9.516000513396379035e-02 1.446786128780388168e-02 -6.927347397754413105e-03
7.247855476411974029e-02 2.118539011921487247e-02 4.455112912915535489e-03
2.730692474642781517e-03 -3.398566947259475113e-02 -2.435434263323054196e-02
-2.910648736026262562e-02 4.606191591137538677e-02 -5.619670133814139851e-02
-1.791665959008741571e-03 -4.363709919855734976e-02 4.766449403694029280e-02
-1.356915946045936239e-02 -3.352520882452214579e-02 1.681396065539982878e-03
2.714424825481193473e-02 -5.319198443313248592e-02 -8.483456894547160634e-03
-2.374445769179732435e-02 -3.426550054389482930e-02 4.025299688990895131e-02
3.555019779943992958e-02 -6.716242083075674683e-03 -1.484765897766923345e-02
-1.109840100747295777e-01 3.087523558500726920e-02 9.593584310444354737e-03
1.101594835542101247e-01 4.467616774272158836e-02 -3.388935372865942847e-02
-5.254548641404543224e-02 3.562547420429301032e-02 -5.616518647309726858e-02
6.099653044646796002e-02 -1.997499610594967792e-02 4.558669029331162068e-03
-8.326328636627099156e-02 2.009856841447664987e-03 6.184390681397578665e-04
2.257961957851683729e-02 -6.935062763333592166e-03 5.353283788096342699e-02
1.129357684620853688e-02 -3.402587704840396438e-03 3.153075242399986516e-02
-1.161382413528804364e-01 5.366236097863853749e-02 -3.677642592554641876e-02
-5.222256288314008205e-02 -2.819575524802952690e-02 8.078887074418924022e-03
-3.239255308296680458e-02 -3.154626646443561225e-03 -5.164365916515090138e-02
1.117443471780037167e-01 3.240943293200439224e-02 -1.216393396602434562e-02
-6.779877921667290530e-02 -1.029252766621314638e-02 1.592491153767082793e-02
7.655855218495079273e-02 3.390481524596006269e-02 -4.885493699538743378e-02
7.147063075059774742e-03 -5.704856832212434198e-02 -3.517692392823160152e-02
4.719450832867958662e-02 -2.629937331253852026e-02 2.446959826276373998e-02
-7.561312449672653868e-02 3.232128858312791064e-02 -1.625098837884061953e-02
3.933587782318719028e-02 1.510067426107170518e-03 1.175275844880191260e-02
-2.155275107927034917e-02 1.056777265968221685e-03 -2.951167585186733125e-02
-5.160076740427840120e-02 -1.022153573865682875e-02 -3.729039793570149142e-02
-1.915905141325395175e-02 -1.837514996105945458e-02 2.152127004248930581e-02
-9.253954163195561231e-03 6.067903867995320076e-03 -5.351056343095383222e-02
7.966064817005254206e-02 6.561120677867721303e-03 -2.506785823232593122e-02
-9.776313118401819269e-02 3.654481992206634611e-02 -3.773705356060109289e-02
8.356075816101449574e-03 2.354024757480664004e-02 -5.645242627985304351e-02
1.760482610978939336e-02 -4.901174546436114221e-02 3.288193087034605583e-02
1.072526842363359136e-02 -8.776689966040271060e-03 -5.573046018702737525e-02
2.863373288377046161e-02 -2.815951323281591992e-02 4.111783859210805386e-02
1.297455704520585895e-01 4.939982905813235237e-02 -8.679252232303858589e-03
-5.657699468117353969e-02 1.180606135008283909e-02 -4.795890982658312235e-02
-4.520941190096813833e-02 -8.870150152534033621e-04 -1.500494664823303487e-02
3.203613738296636620e-02 1.051376381403638927e-02 3.468882056110560164e-02
-3.208033988501783618e-02 -1.559439902987828398e-02 3.165488116582387671e-04
1.689429736192919057e-02 6.269835376202220929e-03 -2.525325831506779542e-02
6.435115024801187078e-02 -1.224743221708965782e-02 -1.900613311324829760e-02
2.983312251551509600e-02 1.076421835348680134e-02 -5.579745471068933010e-02
-1.414648034752548616e-03 -3.588015058865619972e-02 2.339136499745489081e-02
5.426814740902700940e-02 1.288709627685170889e-02 4.938766300071264354e-02
1.664029948805131193e-02 -6.279570960141714342e-02 1.206187633121076977e-02
-7.601430993408428427e-02 2.739870459383018930e-02 -4.599700887230859930e-02
2.486280279635788223e-02 -1.825030410022929900e-02 1.672931770359712897e-02
1.053471038078021560e-02 -3.393374756460691005e-02 -4.809652495869953803e-02
9.345583634268157802e-02 2.616635290530161181e-02 -3.214242498851564711e-02
3.394386313928179216e-02 -1.234919415801771433e-02 -4.721116456371073078e-02
-1.285812389340890982e-01 4.759053385560896299e-02 3.602176848896188055e-03
8.256467382055165949e-02 8.486214603356162511e-03 2.344088802332148364e-02
-1.291536817192395249e-02 -4.348021993470203156e-02 -4.136717858316073942e-02
-4.284437875357541975e-02 3.186606001272287970e-04 1.630918820027296712e-02
-1.066828091999277688e-02 -2.137212965635701400e-02 -5.280946477468567712e-02
7.943760366525777494e-02 2.453888906400158651e-02 4.235601982504758750e-02
1.291367498028948568e-01 6.068179098012753403e-02 -3.097511307097985944e-02
-4.155050763980989124e-03 -1.908864266111112359e-02 4.356022591867529659e-02
1.012569182071876434e-01 2.406587298470879571e-02 1.776083722288506958e-02
-3.345206741387696942e-02 -4.182289314830700544e-02 -2.162780782455973189e-02
-9.913644898414593343e-02 1.884164117986777270e-02 -8.837402251935983638e-03
4.033355432015993912e-03 -7.372530050229778031e-02 -1.681667065254648791e-02
-6.947078344275221806e-02 -7.727266610293668896e-03 -1.781093074725544068e-02
-1.894870033248216568e-02 -5.390690289604723601e-02 2.539671098405386560e-02
1.095336183448908894e-02 -2.818646427392805867e-02 -1.487975880066772167e-03
2.340394047571105456e-03 -5.116911163856999872e-02 -6.209327980295919688e-03
-8.585845864340346800e-02 1.170949085549737728e-02 2.351139009897557086e-02
-5.857631384582872441e-02 2.615167905934096676e-03 4.168502410359910260e-02
2.420445241762072836e-04 -1.067460679619717037e-02 -3.302973722915514276e-02
5.572384732629562243e-02 -2.251061922682304640e-03 -4.023751613323125337e-02
3.383218915814772271e-02 -4.481583295564202374e-02 1.433775961988750965e-02
-3.252633900258449645e-02 -1.219405698441685358e-02 4.798788949179963459e-02
6.405756751924382431e-02 -7.998750785031828389e-03 2.654365849174568012e-02
-3.533266140238037339e-02 1.089832668782774773e-02 3.791635188598197620e-02
-6.053942518713281403e-06 -8.066987284892841725e-02 6.841926955136417784e-03
-3.601269009397812265e-06 -6.979405788104453556e-02 2.935306026398155910e-02
4.496737822838206555e-02 -9.324616330471722017e-03 4.269656328514424837e-02
-4.973514878846559129e-02 -1.865059301622186763e-02 3.104803490742695168e-02
