-2.714112961172940319e-02 -4.870782421487090952e-02 2.050709223701912762e-02
-2.277104367195021892e-02 -2.630586830089580094e-02 4.574952241047215012e-02
-2.735523185401588647e-02 -3.733524017455912974e-02 -3.469691556110277714e-02
-5.619271353384128892e-02 -1.022627371358302353e-02 1.714472976465591242e-02
-1.697253781046314733e-02 -5.593092802613409964e-02 -2.160986304295080956e-02
-6.018561549316860841e-04 -4.406370210087083572e-02 2.694461074419565120e-03
1.423977067567501129e-02 -3.622914304759698723e-02 -4.403783018284098544e-02
1.867195501833802604e-02 -5.950618243632491144e-02 -1.563820750960405459e-02
1.990612703859324581e-02 -5.854707296200861028e-02 1.486028523230420971e-02
-4.458852883292050567e-02 -1.924308356014162169e-02 -3.550795343240426005e-02
3.470684940066463831e-02 -3.996352156885363965e-02 2.268590499572451305e-02
-4.848779991953711815e-02 -3.081731006439488232e-02 -1.247970053100252476e-02
-1.577249699398410379e-02 -6.515692231695174863e-02 5.571331368375292623e-03
-8.911697856534646703e-03 -5.333037780789668530e-02 3.694597731624831710e-02
9.138135017835461720e-06 -5.662026583341946834e-02 -4.120062366846735658e-02
4.164660028848896772e-02 -1.987348490137292104e-02 3.751349790089874431e-02
1.532263198804483667e-02 -4.725524156567494777e-02 3.668499767369987757e-02
4.654419479255409581e-02 -2.221887294315229300e-02 9.653254344701836520e-03
1.924000330975474127e-02 -1.885358610964248463e-02 5.078837115068643437e-02
-3.274949125259987021e-02 -4.819503919887181687e-02 -3.834804005255968654e-03
-5.299876980537507625e-07 -7.336563028499010208e-02 2.461150423409850033e-02
-4.560243829596930670e-02 -3.279309827409499639e-02 1.506136069467328698e-02
-3.452332666432750968e-02 -9.158607787562523042e-03 3.186445671220894393e-02
-6.462230073025702903e-02 -1.250338698339741386e-02 -1.786603218865458892e-02
3.463328844330390566e-02 -4.656662307105734894e-02 -1.417011974086358587e-03
6.874096936375813371e-03 -7.440975655162733460e-02 6.011540925516444195e-04
2.723066050263382547e-03 -4.054499182410448155e-02 -2.213281839377373092e-02
-4.503417086341091324e-05 -3.471361751214895042e-02 5.189201823630695820e-02
-2.950575220510629650e-07 -7.418105378295834773e-02 -2.341227297047631176e-02
3.145111894267629132e-02 -4.083258533375704741e-02 -2.625780750289213525e-02
