5.777908621934979561e-02 1.577110709387636103e-02 -4.913195302326614500e-02
-2.371532536357932874e-02 -3.080075356425138883e-02 4.257610461320092410e-02
9.355093814143299047e-02 1.505329614788053841e-02 -1.394357540764270403e-02
-1.639567652728519953e-02 -5.883195006689154877e-02 -2.174430798302560280e-02
6.777489384911233351e-03 -1.379970090487685035e-02 -3.104458205974754137e-02
3.199381621502660894e-02 -2.460482299043154075e-02 -4.124485545695436017e-02
-6.861099251718363878e-02 2.201558980386820324e-02 -1.496724830292627852e-02
1.025003026526149913e-01 3.656266884669909928e-02 3.345270147716049303e-02
-1.129937455610334346e-01 4.017256775371615823e-02 -2.542487981358225457e-02
-5.596010160691382296e-02 6.501271601681888647e-03 -1.752222847120130095e-05
1.182025121027448222e-01 5.069460014700846728e-02 -3.190958337825974128e-02
-2.590754759833491239e-02 -2.196069101176925317e-02 9.673837981377005069e-03
-7.154868809960483744e-02 6.398742575024611925e-03 -3.424447959024787269e-02
-1.726834175884946893e-02 -6.384207614703553413e-02 2.729781820837225582e-03
-2.838898940302104004e-02 1.448653683890533880e-02 -5.659627541465241107e-02
5.107507132966963154e-02 -3.953831386305610429e-03 4.225630346109025132e-02
6.626105661933598401e-02 1.795865610483574765e-02 -1.469950192360769230e-02
1.065397789338630302e-01 2.654918874007534610e-02 9.996146317559850836e-03
-4.678445467980636707e-02 -2.837255745559415926e-02 2.183766546517616758e-02
-1.731433054024518470e-02 -4.143367191169484987e-02 -3.967191325733835511e-02
9.416088082172417717e-03 2.111415381193535584e-02 -5.664431956948594304e-02
9.968248460056818028e-02 3.398532605082351526e-02 -3.354851675075346679e-02
6.592691398425554183e-02 -1.114143223934333134e-02 1.806344342574207201e-02
6.186503002365647402e-02 -1.709844134109566108e-02 -1.349585313320878291e-02
3.477616109444509745e-02 -4.246108222253627829e-02 1.777689862047977798e-02
-7.496212701884877316e-02 -4.470837477207611176e-03 -1.199312937241935224e-02
1.736248224202284821e-02 -6.073704787631593882e-02 1.586443019956092215e-02
-3.494813338104518774e-02 -4.298733300985394662e-02 -1.636816928560876766e-02
4.013315786682874337e-02 1.239305429934173079e-02 2.567175022830473635e-02
-6.716894312550177742e-03 2.050603020868821229e-03 -5.732872703629587202e-02
5.153104052842775312e-02 3.875469118534369262e-02 -5.672235556699235098e-02
-9.117609221243579143e-02 2.311301747719798558e-02 -3.139671705638643479e-02
6.264350167601286275e-03 -4.427847218797738120e-03 4.387049258981582517e-02
2.648491620471742775e-03 -1.501718545309778385e-02 1.068491662512033487e-03
4.379112655968723372e-02 -3.409378932156948566e-02 -1.647380082782098562e-02
5.221863539749380112e-02 -2.855550987591427489e-02 6.499033442724891016e-03
-5.129549336071695387e-02 2.386740392436920849e-02 -5.315669425536195813e-02
-1.828825555111376205e-02 -9.083066101814680701e-03 3.112306469612394558e-02
-1.343466934045123296e-02 -3.929594323385072335e-02 -3.312773160897729795e-03
1.558043924180345721e-02 -1.097539035363990535e-02 -5.426991180627405847e-02
-1.593758872354405359e-02 -2.337529976591165917e-02 -2.244137375406235826e-02
6.519655829840610706e-02 2.644303349636972084e-02 5.047465379749917908e-02
-6.566822277897958748e-02 -1.423863762281835262e-02 1.000309142265742857e-02
-7.111788595962035761e-03 -3.024525720411024715e-02 2.391614425045564263e-02
-1.580552285186177103e-02 -4.555139935089026759e-03 5.558262271439977364e-02
7.126719405051167022e-02 8.385659691288526590e-03 3.426163938625680083e-02
-1.353336841465761775e-01 5.721106180209253877e-02 -1.589298042087716745e-02
-1.271165213497365831e-01 4.626614016560876008e-02 5.027765739254171778e-03
-5.721092787402518032e-02 -1.537350800923184546e-02 -2.580563467490025811e-02
-8.582235760293234483e-02 3.381089807362426536e-02 4.379543856031679894e-02
-1.591490251156380681e-02 2.524931872596692176e-02 -3.536591085679405277e-02
-3.625699756873751456e-02 8.408365378679304170e-03 -2.616228557023555709e-02
3.440413424459601299e-02 2.054521671863689461e-02 -5.660298581609943952e-02
2.967485626416634450e-02 -5.127320151427763872e-02 -5.047885740971903845e-03
6.532703456694056998e-02 -1.452010384140601596e-03 -3.266940620507728654e-02
5.118823187589986723e-03 -5.591113825330569498e-02 -5.388113703591659691e-03
2.510559707092926626e-02 -4.515474029365684067e-02 -2.884446750166661660e-02
-9.657808145301205460e-02 4.410332566021524237e-02 -4.385347499760505058e-02
-3.762909280255320732e-02 -8.560166804257973716e-03 -7.858967379982786244e-03
7.576765586045484946e-02 3.759583276020483228e-02 -5.070270763939840192e-02
-9.885066678458968858e-02 2.197108213767646687e-02 1.840736435310044716e-02
8.081998065676102017e-02 1.781070248775067782e-02 -3.628134839155437025e-02
8.845507298102429916e-02 1.047410578401298566e-02 1.624410539775046625e-02
5.460166203019495984e-02 8.132603688352791835e-03 5.218128172095016018e-03
7.895841893504938758e-02 -2.118133511458420229e-03 -3.143615113140846296e-03
6.766588346192856096e-03 -6.203326286396253220e-02 -3.054172893804862204e-02
-3.686357276797275987e-03 -4.544131532975882737e-02 4.573338520161661369e-02
-5.744796439044999592e-02 1.997248565032576709e-02 2.098671815310757319e-02
3.781562988118986057e-02 -1.062989759835438613e-02 1.624429880694907430e-02
-8.296964000966501607e-02 3.648360143643945060e-03 1.232103745446608452e-02
5.714213129425600030e-02 6.310857356148021069e-02 -5.726717028321084979e-02
1.602098973295046705e-02 -1.846723230626243217e-02 2.564353961079269412e-02
-7.473431241920958090e-02 3.110409301109895094e-02 -4.844076539128853998e-02
2.661350137634152860e-02 -2.123782222412671020e-02 -3.650207390254003523e-03
-7.672147824491079571e-02 1.228815241884903021e-02 3.492623637335032227e-02
-3.872592916937962065e-02 3.865720021758524243e-03 2.484810249610187524e-02
-9.292016540493018562e-02 1.261689826949380366e-02 -8.777355671949010896e-03
1.196860888698315570e-02 -3.687164235290917025e-02 9.229025178701770471e-03
4.057996525578798364e-02 -2.363795808478471802e-03 -4.873495550124189862e-02
-5.218906209831640497e-02 -2.871288108701647648e-02 -5.268906805336262371e-03
6.922310549776574187e-03 -4.218995242569330284e-02 -4.573289325370871045e-02
-3.449543330630281540e-02 -4.584595868698907589e-02 8.452004350915557837e-03
-1.359916804156391032e-02 4.935888852206905776e-04 -3.314901668389560324e-02
3.762012836885362160e-06 -6.662627726577603771e-02 3.286283434547009052e-02
-1.104902102292468768e-01 2.941163755076997219e-02 -2.999459978846472086e-03
-6.005074976533066045e-02 -6.346757271432248819e-03 3.304667663591298599e-02
3.767497628099513579e-02 -2.439563175169320863e-02 3.710381687733502881e-02
1.134998715496584737e-01 3.433193816575924595e-02 -1.271842639432691109e-02
-3.880336931038510379e-02 -1.106222860462808058e-02 4.533871644200017370e-02
-6.507022662966923873e-03 -2.266612049733028253e-02 -5.360495242860160992e-02
-8.630746960251231559e-02 3.934311559251850443e-02 -1.184200847371441948e-02
3.761026759437788997e-02 -9.044835500446666079e-03 -2.250166808570643398e-02
2.693070804486025353e-07 -7.963565845077100191e-02 1.152129415109376734e-02
-3.716362376368317205e-02 -2.687483928376218148e-02 -3.532506253047475869e-02
7.918903285071337769e-03 -3.315397470151883880e-02 -1.525159138446500681e-02
-5.004642919394654277e-02 -1.578090672101694838e-05 -4.523506993213240179e-02
-1.947856561290704086e-02 -5.191640208470731099e-02 2.747870190288299874e-02
1.964140698186625511e-02 -4.169116979585801158e-02 3.765566799915500557e-02
-8.434421291995149709e-06 -7.896564535673178398e-02 -1.345087383665428959e-02
-2.778057919922802266e-02 -9.818367222217206161e-03 -5.096572533967985014e-02
