1.707213063696993438e-01 1.111930633863466855e-01 -4.616402862388223338e-02
-6.939265564426477795e-02 7.599522478195552821e-02 -4.940639886805322373e-02
2.004540795670143802e-02 -2.986892820090717923e-02 1.705924718411867130e-02
-9.468192398153287004e-02 5.418353279151687241e-02 2.755474085270067167e-02
-2.457410231922245100e-02 -5.975825641614034706e-02 1.859115218230980235e-02
-1.036730210580247558e-01 6.770734973690432923e-02 -5.702646525955182982e-02
-3.121209671126406408e-03 -2.127954032791986791e-02 -6.002038567507999439e-02
-1.528643010755914577e-02 6.900056673958869513e-02 -3.558917952488266367e-02
-1.193906386926004426e-01 5.714624246600795432e-02 1.777983618532392660e-02
-6.727286467428608696e-02 -1.798576366888432129e-02 -1.628303995550443167e-02
-2.307366865703002617e-02 -1.692026218286307032e-02 -2.230985980042965444e-02
-3.179182650984933856e-02 -1.501228485909607627e-02 3.710246782315221314e-02
-3.177334561216738767e-02 5.666104769163874885e-03 5.969643091806391133e-02
-2.542190445207539312e-02 -2.773893199401761614e-02 4.983639335046017443e-02
9.679368898479320804e-02 4.682029652745884479e-02 2.760143008145128727e-03
2.900521101942171026e-02 -1.477007533757096480e-02 -3.676366847311453301e-02
-8.076000817091040507e-02 1.450996868715746096e-02 -9.709862555510413371e-03
-7.889458038366914047e-03 -5.352669401345514638e-02 2.627768858868430660e-02
1.976296328483639550e-02 5.536088795176517113e-02 -8.827332261141835820e-03
-6.331037606825829465e-03 -2.752307749563104658e-02 3.385788392594944046e-02
1.362709092253623910e-01 8.775916780813498852e-02 -5.219805003455866427e-02
3.046201012978689854e-03 -1.643731646573142607e-02 -1.929167464938123105e-02
2.060893816090720448e-02 3.222566369722423829e-02 -6.188345156036798023e-02
-1.414401570073410830e-01 7.771739208665953691e-02 -2.044193238418106143e-02
7.093459520764448800e-02 4.007071773581197260e-02 -2.416420715935298572e-02
1.295151539298394772e-01 5.739328167260349112e-02 -9.660273689654304621e-03
-6.560163166560582793e-02 6.222362081038184528e-02 -6.541900120859598169e-03
-9.310593799152906691e-02 4.782880334993753341e-02 1.405961523108946107e-02
-2.971489247018237884e-02 6.527610977115665125e-02 -3.370089479475393834e-02
-1.094094647142488871e-02 6.497823663156829244e-02 -4.937565103610098288e-02
-3.999898133305553743e-02 -2.825046238416379155e-02 1.114232466397281282e-02
-3.849089434820898020e-02 2.873064151301416101e-03 -8.132598489527647148e-03
6.997574883457477468e-02 1.673397840760439820e-02 5.894311336347844710e-03
-1.238605939292921482e-01 8.465469465981213804e-02 -3.980465998913074177e-02
-8.469907736025793221e-02 5.054566285244212892e-02 -4.197297601066207057e-02
-5.271744045927615613e-02 1.391050546866285167e-02 -2.095138043552294271e-02
2.831051158459672173e-02 -1.111382180632868553e-02 2.881051886217257663e-02
-9.739993110285631930e-03 6.266284506752736738e-02 -2.317801947278997840e-02
9.109972238543073697e-02 7.658129749426956234e-02 -6.159827939270996755e-02
5.725746407226822710e-02 3.551474886329056974e-02 -6.046842505670804030e-02
5.411331201920680650e-02 6.105962755711297901e-02 -1.141410798721531443e-02
-4.109968224338680226e-02 2.614218524792320461e-02 -6.154456726277012651e-02
-1.320287239629102938e-01 6.256063767741823489e-02 -3.849659283695190670e-02
3.179919605758795703e-02 7.831524220648745449e-04 -2.452172326851172895e-02
-2.905078257827936692e-03 -5.204729703615090797e-02 -2.965240848231734741e-02
-3.435457810682629454e-02 -5.291535871645245553e-02 9.487837618723479402e-03
1.042491819765459654e-01 3.039006097685125959e-02 3.425465686386427316e-02
-4.429005793617984965e-02 3.902475962099844625e-02 -4.788703848075739206e-02
-7.508089036736562139e-02 5.061713037426860545e-02 -5.889823613741180033e-03
-8.467058054970283409e-02 -1.955320894505914193e-03 1.207498799666826411e-02
-9.516554065938653828e-03 3.349811737922800403e-02 7.621540441706001201e-03
-1.422165713759617756e-01 5.445309480836444532e-02 6.659424960395315951e-03
-1.117583358142538313e-01 4.433287557612530100e-02 -4.036690327788354515e-02
1.111475753828284757e-01 5.339887506512699944e-02 -4.727355570993788808e-02
-1.346170687010463385e-01 9.839000161449969195e-02 -1.849485051632719299e-02
-4.885819959716049959e-02 -1.166008529686207067e-03 5.148063877820505119e-02
-6.061587849736542466e-02 6.403505023446739997e-02 -4.726045636210595563e-02
-7.299071415776751948e-02 -1.520285282464225833e-02 -2.705066364516411741e-03
-9.412051400793972067e-02 5.779520745456833211e-03 -5.277165544531458446e-04
-1.762651736288956342e-02 -2.065697897918485071e-02 -5.625859244140103688e-02
-8.854760510045345256e-02 2.834445631213047215e-03 -1.500064308879788672e-02
-7.458630774743200964e-02 5.694503382033978822e-02 3.435172160756578413e-02
5.556721093263237987e-03 -2.020913586240242598e-03 4.754054509816860175e-02
-9.782895920157240466e-02 6.005759389653856500e-02 -2.388266722114359975e-02
-4.280150698000536637e-04 -4.271760307485949343e-02 4.020318129271074209e-02
-1.059797777063265778e-01 8.103571741042499277e-02 -2.854535515014787472e-02
-9.827647112534168561e-02 9.110321372247914828e-02 -6.220906930113136862e-02
7.951034658321008697e-02 3.170259070261182560e-02 -1.513765655224498345e-02
4.519337342410335336e-03 -1.587356103911973307e-02 5.319118132435381868e-02
5.170842059254925765e-02 3.908729157548867378e-02 3.558430134165938702e-02
-5.072128727321016661e-02 -1.813250283568353105e-02 8.431263641027603867e-03
-3.784266668158486890e-02 -2.818885041877044334e-02 4.143730632787919616e-02
-4.368876789093173452e-02 8.832082635467858669e-03 7.369690162590045515e-03
-1.496613160821064215e-01 9.771578331188283950e-02 -5.043876710669450286e-02
-5.288914365472963119e-02 9.226863448384848426e-03 1.920731996271365580e-02
7.412439717480832913e-02 8.286337786300274066e-02 -6.217245053299896851e-02
2.794881538693534673e-02 1.461569182166274662e-02 -2.019704665855422479e-02
1.508896682762750630e-01 9.738429740401027823e-02 -1.010192649337985499e-02
-4.069272143274165615e-02 -3.704264881404364940e-02 2.967155262277806557e-02
-1.387016481708914228e-01 8.657422079663389114e-02 -3.224124691024315287e-02
-1.369144683593588423e-02 1.340144544210974779e-02 -6.248895523599170415e-02
-2.449308950228131290e-02 -4.221544704808868897e-02 5.856205512280626517e-03
-8.040911045314227609e-03 2.720308179571369681e-02 -6.095198054483509653e-02
5.395404764319165162e-04 3.598626459302948360e-02 -2.242189318074406731e-02
-3.403678736165571816e-02 3.364340401002482300e-02 -7.202572062900780905e-03
-8.052421487380757859e-03 7.139409160407539021e-03 -2.633399048029702247e-02
-6.618330638956017309e-02 1.252315992558760164e-03 -4.230179137166605041e-02
2.595147282477753333e-03 1.035769936179667741e-02 3.961501334690625126e-02
-4.027064104273675449e-02 6.146033832799429469e-02 -8.705327279027327836e-03
-1.786031087899505113e-02 -5.498623012764349699e-02 -3.531696019184709517e-02
-1.091948624462573125e-01 8.143632185988777805e-02 -4.425867805589609599e-02
-3.464468485984523172e-02 3.190307622781780872e-02 5.427232638276016652e-02
-1.199705621483778128e-01 3.214001959254381147e-02 -3.006395443821496295e-03
-9.883965102333529262e-02 4.093056846133561605e-02 -4.718666494189265731e-02
-8.357573430878310894e-02 -4.596262849558928679e-03 -2.968466462714757035e-03
-1.640240032180769469e-01 8.104553706432308935e-02 -1.819778574983921607e-02
-4.007219437930663319e-02 -2.275530024812641786e-02 2.516339003305467781e-02
-1.999435241100287405e-02 3.214539218361293915e-02 4.901426404246331248e-02
7.652544670710104135e-02 2.861042942254504728e-02 -5.245456337763257371e-02
-6.344279664913429762e-02 -2.466517697120214694e-02 3.917801508768014966e-03
-5.153226478433537566e-02 3.878583743280624579e-02 -1.679501303311933813e-02
-3.250668914697593670e-02 1.386051701568134786e-02 -6.101993125438897464e-02
-1.014067286031817838e-01 3.379439014134084929e-02 -2.468572069049431578e-03
-8.716973323879859126e-02 3.160592221638390542e-02 -4.850265588592638649e-02
-8.173030842148008845e-02 7.522030098385866503e-02 -3.746481884899336562e-02
9.814245936121031300e-02 4.504975880678935285e-02 1.759225327197826497e-02
-1.093238546381006954e-01 2.141496490068779332e-02 -5.536889351820389361e-03
6.380594400380311393e-02 7.172862650178972455e-02 -3.163898453417840484e-02
-2.904863987450942778e-02 -5.114634070990858872e-02 -2.611381023297295809e-02
3.385671943973891235e-02 6.943005907524596454e-02 -3.166155410419599359e-02
-5.213992207921868544e-02 1.879693870460824243e-02 3.043791392413799405e-06
-5.929943816146448186e-03 -9.869883184171196824e-03 1.998019969124377807e-02
-5.927124627321311845e-02 6.543133809713983819e-03 4.898998487863738885e-03
-6.104148585594507126e-02 2.718405477902153047e-02 2.537007741703352359e-02
-2.911561237219659204e-02 1.496662169133662623e-02 1.012637788149063113e-02
-4.708515296847022580e-02 1.292777974986950539e-02 -5.759943154234907492e-02
-1.093366951374210583e-01 8.141238823017751813e-02 -5.926285065937497015e-02
-2.548049311560259683e-02 -3.009926488114304799e-02 -2.908192400874776845e-02
-8.999184077815249039e-02 1.078538445300599065e-02 -2.763080182161612233e-02
-1.332957344790529630e-01 5.796353970256470228e-02 -6.137145801625082386e-03
-7.848256398439497350e-02 7.318512891824907607e-02 -6.971201279707284031e-03
-5.852673140969040511e-02 -6.301384685469837293e-03 -1.963988169352677213e-02
-4.603260964114648524e-02 2.576117431228234708e-02 -1.179454971342058615e-02
-3.716252499671871684e-02 4.663766746328833895e-02 -6.211003347346392284e-02
-9.530127191145293386e-02 4.746987659957197653e-02 -1.648914906461279540e-03
-6.386510935512090814e-02 -1.245267000324800331e-02 3.141909420483687820e-02
5.475583499953725480e-02 -2.551245864483826786e-02 2.602235536024520221e-02
-5.890934553117027628e-02 9.418203378822929961e-02 -5.605947978995192565e-02
-2.521467008482290023e-02 -5.340939301084500490e-03 -4.231281330126565599e-02
-1.989505322923417613e-02 4.470967623273950503e-02 -2.319220549288481328e-02
-4.212249348114925629e-02 8.256784372309504058e-03 4.046281752540029086e-02
8.417198852896140560e-02 -6.546789199421994667e-04 1.750137011672046189e-02
-2.080500130607068621e-02 4.058713867350965260e-02 -8.759249429582564167e-03
3.591170720100325675e-02 5.797546790561559915e-02 -6.045707944653563870e-02
-6.665410151330844468e-02 -2.535063020505418270e-03 -7.613644397006294300e-03
-6.375242203616805770e-02 1.797110908855344136e-02 1.362479057433011939e-02
5.068615832677783768e-03 -5.786383698952123067e-02 4.384616264315430167e-02
7.106986417841683334e-02 4.109240626414980418e-02 -5.872966127628952149e-02
-1.746992756044919975e-03 -5.192254712298018798e-02 8.826937218329691109e-03
-7.451504765908058270e-02 6.539869058978425680e-03 1.360666348332689474e-03
-1.761191083126231738e-02 1.564192515851350884e-02 1.972633223044342743e-02
8.152236471474048896e-02 1.047853945940260961e-01 -6.002356488036305476e-02
6.268595019434063109e-02 6.038786600175274910e-02 1.165257439014615905e-02
-1.150019512550054350e-02 4.825468512745292697e-03 -9.301216564741292964e-03
4.213142330669843172e-02 -2.365262217507011627e-02 -1.457550197958181956e-02
-9.113630906183144142e-02 5.071436409344277918e-02 -5.554642194569234942e-02
5.037639538389932642e-02 -3.605458417129250859e-02 -1.286277783001753966e-02
-8.340294789906532724e-02 3.627253778297279130e-02 5.276493172848695928e-02
3.937455347802497341e-02 -4.623760778462594062e-02 -1.524584686722493636e-02
4.469420009048614972e-02 8.155643676152785071e-02 -4.443717130779834684e-02
4.864687091577109962e-02 2.325202916703316552e-02 -5.982393328604612703e-02
-7.455068838696736477e-02 6.972282721732779576e-02 -6.235859646093756120e-02
-5.031215238602659845e-02 7.251726223702939511e-02 -1.006763291011972955e-02
-1.252577542039930991e-01 5.569554187978902754e-02 3.837172448720585494e-02
-5.924274567888340726e-03 -6.530477097911246975e-02 3.686297811687117704e-02
8.651018874933712188e-02 1.845811624949338439e-02 -1.439730177691486354e-02
-1.792428620793093397e-02 7.748166207395452282e-03 -4.177146870817347035e-02
-2.306613783779362659e-02 -2.588564011892242542e-02 -1.028944514452374837e-02
-4.085822889879341807e-02 3.632444059585411555e-03 2.620968892119793919e-02
1.428262185249795924e-01 1.092069816347472633e-01 -5.755844175709694949e-02
-1.404377740311019418e-01 1.077339958281135629e-01 -5.791991052876716006e-02
-2.452990164332233963e-03 2.219648301067941865e-02 -2.944077519976420754e-02
1.645847580738916127e-01 8.249861014511100654e-02 2.282338757912730567e-02
-7.819612381698562431e-02 3.789848402035149704e-03 -3.368553792849374867e-02
5.363682828464006597e-02 -3.014300308539984499e-03 -4.794224627389878646e-02
-5.427565105951158431e-02 7.735834570771540908e-02 -4.455501165502342292e-02
-4.548859776031687063e-02 -2.594272768523136000e-02 -3.254790099129699268e-03
2.771042919273543348e-02 -3.768855731433449346e-02 -4.193081273513998147e-02
-3.328936182801804297e-03 -3.745413380061992509e-02 -2.604941748029099280e-02
-2.373343141202991988e-02 -5.250543965668570158e-03 2.905993854361052856e-02
-1.502245882945042743e-02 -4.818382335693451729e-02 -2.170088716540858817e-02
5.380725784391274247e-02 -1.793810282234452672e-02 -3.635495402985698676e-02
-4.673780510953447209e-02 3.540266905178081347e-02 5.696810868314972293e-04
-5.016164243941580170e-02 -1.208430818128090369e-02 2.213908538459819983e-02
-9.450523408163204186e-02 1.752638682070536968e-02 3.057612645222214376e-02
-1.937920328830755688e-03 -8.379939481413425928e-02 1.486028160611886466e-02
-7.924541152996938953e-02 6.264450701707312275e-02 -4.903274529457224418e-02
6.296877651688116695e-02 2.892996483725245038e-02 4.483887508113155312e-02
-1.408749091568358425e-01 7.776060770903658881e-02 3.068837100504398160e-02
1.388891584825031611e-01 5.631852809163390844e-02 2.180012041788081251e-02
-4.712386116763083582e-02 5.032639571067146905e-02 -4.754571726950921522e-04
-1.036940704094765353e-01 2.901858901177234093e-02 3.339230592204191911e-02
-3.327424150339346881e-02 -3.462629904629411365e-02 -3.643893772459046859e-03
4.651394377686749598e-02 5.209471168939316943e-02 -2.071681586166378847e-02
-4.697939500702663640e-02 3.510615361578864335e-02 3.366436968559041731e-02
1.314526477942317695e-01 7.047652777890740794e-02 -4.515167529853977846e-02
-5.933062772510586808e-02 -1.890983985294228051e-02 -2.896872000734779587e-02
1.137920779931847343e-01 1.065024193287193999e-01 -6.218448840946302902e-02
1.816704239613747829e-01 9.599099392727554469e-02 -1.480475513226088731e-02
5.811243624539692149e-02 4.285123159151670719e-02 -3.142275229014999949e-02
-1.548823630356800651e-01 7.719101337215386605e-02 -2.952834092745389161e-02
-1.300877541079364930e-01 7.455289865086291157e-02 -2.971731959379970284e-02
3.010137868363789437e-02 1.048070114425652365e-02 4.588156682098940703e-02
-1.318295852454606509e-01 7.454670199887540594e-02 -4.750561643602280171e-02
-4.046881080475419473e-02 3.853900548466576703e-02 2.054536881190576272e-02
2.841782989608925350e-02 4.501868985718017468e-02 -6.134988127364898736e-02
-4.402198340768941065e-02 5.097844495746262777e-02 -2.125201477513552137e-02
-1.483762981543347570e-01 8.010266757684685046e-02 1.791195229699673111e-02
7.396580656013300448e-02 6.395461575230443341e-02 -6.134138045326932229e-03
-4.536047220765430932e-02 5.378441756837319676e-02 -3.592372415349678189e-02
6.632291137742246656e-02 4.336958661191268188e-02 4.255612648170704199e-02
-1.074972495912691027e-02 -5.046778247861196873e-03 -4.626317773866275851e-02
-6.164862766383999437e-02 1.292120842563453977e-02 -5.211356310968202898e-02
-5.285862525795886196e-02 -3.504897214377152015e-02 6.107525339911876357e-03
-3.886921179382304276e-02 -4.977545186375369884e-03 -3.612058350588427669e-02
2.352419696397336016e-02 -2.339511503371426160e-02 3.596743179004117247e-02
-1.207730984160817894e-01 7.203855843872947196e-02 1.891372290491006442e-02
1.966454846952684840e-02 -2.953078689019750583e-02 -5.191342066623148843e-02
7.559057179089687106e-02 1.530176359353619189e-02 -4.561085505624901115e-02
-1.977851874232075882e-02 -4.729581463444448852e-02 -7.442616238827940052e-03
1.176578622801439655e-01 9.221289148985739592e-02 -5.977164957420373625e-02
3.164689360581841165e-02 5.371346544117834576e-02 1.842354866338217004e-02
4.312841565919508374e-02 3.428358006371250849e-02 -4.689565959793626226e-02
-1.176795109532597361e-01 4.353261131793433741e-02 3.395801381715386758e-02
-1.269878191442949389e-01 4.072151333652999222e-02 -1.310800519375586448e-02
-7.056305897775093329e-04 -2.446643493038772391e-02 2.029656241927839042e-02
-1.232648433260809390e-01 3.680941781500929322e-02 1.225802655900829798e-02
-1.176173248094015827e-01 3.857501210677304060e-02 -2.779947540753687982e-02
-6.598894451280402917e-02 1.124826479243961307e-02 -1.348006021513019521e-02
-5.853053509886321955e-03 4.480788685049046094e-02 -1.133420481549439127e-02
-1.052293330141660793e-01 4.073713101064550812e-02 4.261243589665215936e-02
1.286295351654088148e-01 7.020009176111907667e-02 2.672581089178947822e-02
4.486486851884075033e-03 6.109379200945679739e-02 -5.698305222483876671e-03
7.058709410572187870e-02 5.142337910989834619e-05 -3.300262673295905995e-03
-8.668545118227692983e-03 1.172809591144246232e-02 8.346198988774870126e-03
-5.214963805644005912e-02 2.742668918974150785e-02 -4.253189658812782381e-02
-3.322093718402115148e-02 5.552463060321016081e-02 -4.454732446740009705e-02
-3.133688164238480206e-02 3.332869676721720133e-04 7.699544489827950776e-03
6.140479757815659606e-02 1.039851612571339456e-01 -4.693668069949991778e-02
-1.018612278142650429e-01 9.400413702779622516e-02 -4.790389079171599590e-02
4.698909911553167396e-03 -6.140892226697970691e-02 -2.073430039290004301e-02
1.152605049472781168e-01 4.347261471591643694e-02 3.625534537389189099e-02
1.559343283725021512e-01 8.644460001922214809e-02 -3.845126532358658644e-02
-1.293197558180789880e-02 -5.018592942139646351e-02 4.371962382160061306e-02
-8.353007812913364194e-02 9.642162140647494994e-02 -6.175595582523125959e-02
-8.848537729354129244e-02 7.974109092553834099e-02 -6.210178875599049741e-02
-6.073766386015392454e-02 2.538960548217385899e-02 5.724525444730056006e-02
-3.300347032228768268e-02 -4.858986362643170909e-02 2.398014996093553522e-02
-4.778670640899473909e-02 -3.845514822461352372e-02 -1.243209306805998990e-02
-7.539185496854343416e-02 3.879880157121631812e-02 -4.225391097713170063e-02
-7.766272229854410958e-02 -7.219465764563126782e-03 -1.732749524350532186e-02
-1.340443968507649408e-01 7.835702419511715588e-02 1.384511229914823366e-02
-9.155767508811024982e-03 -3.415964845712256281e-02 -5.440975758115024902e-02
-9.219635301169371022e-02 2.199137780185478688e-02 -3.325273917346404685e-03
-2.762484767532588995e-02 -4.182111150380810743e-02 3.855513597387719149e-02
-9.609269529958450184e-02 7.002088836487932455e-02 -1.172528960418304546e-02
-7.994270962550304588e-03 -1.516012099709717481e-02 4.496003847538257436e-02
-7.451143452066390227e-02 1.569153157766670775e-02 -2.509704649972735804e-02
-1.323890592582824266e-01 9.705526650302656599e-02 -4.120220446244340917e-02
-5.254559083321044821e-02 5.150229730198552930e-02 -4.888974909691123916e-02
6.331334292818820153e-02 -2.182306363605567706e-02 -1.660688762155619266e-02
-8.564966525621834498e-03 5.064185178411364369e-02 -4.570020241774044173e-02
-8.626671839036718914e-02 2.499228230101716366e-02 -2.459401652569497346e-02
9.577686231891498203e-02 4.937776235152654958e-02 -1.352746008297439628e-02
-9.293928053283130597e-02 1.188890817388977977e-01 -5.500589084567773790e-02
-4.429871942399769835e-02 8.127415525415151998e-02 -2.070206265403222445e-02
-1.431006314749219133e-01 7.288302497865320473e-02 -3.775105583582966107e-02
9.585330824431867805e-03 -6.618206330057022080e-02 3.204607715967298237e-02
-9.775194793253913148e-03 -3.193699094295363028e-02 -1.368264580472826689e-02
4.562751669863961135e-02 1.056282610490959402e-02 -1.278263818113697416e-02
1.516623682548358040e-02 -2.913418501797674157e-02 2.895448885231951229e-03
1.225172664739370976e-01 7.438866332629714972e-02 2.163878236713184745e-04
-5.155416124304167125e-02 3.014465816446590049e-03 -3.574681346978787755e-02
-4.544938142362148215e-02 6.506385336403153197e-02 -4.581145847512618080e-02
1.195190911877532791e-01 8.468340621255938949e-02 -1.673399653780390656e-02
4.953425840014367282e-02 6.414360557703774335e-02 -6.156589442783178684e-02
1.162728415376474006e-01 7.440025816590799257e-02 1.827155451224881516e-02
-1.523208566957995336e-01 8.611956916813209850e-02 -4.130387543873392797e-02
2.377008433020700792e-02 2.517652039141519624e-02 -1.040495542850897355e-02
1.017402206121908841e-02 -2.842774101005393628e-02 -2.560931943259303623e-02
1.174037748891719468e-01 6.903550380087507266e-02 -3.392671211914094487e-02
-4.105255679899121740e-02 1.840516507852128780e-02 1.860220153970418289e-02
-1.847679932066489950e-02 5.435646820774809457e-02 -3.458582141306203173e-02
-1.050313734626418943e-01 5.404937430227906708e-02 -5.098257601720831977e-02
-8.238246920524330830e-02 4.299132222035290801e-02 4.758236057184651868e-03
-8.585342163848760227e-03 -5.858673083707507945e-02 -1.302167547300765379e-02
-7.372151032297460244e-03 -1.014953494146398141e-03 4.001298533397904672e-02
-7.532724471148798118e-02 2.844784677875704035e-02 -1.075154387666012352e-02
-6.202028449284522835e-03 -4.233958586144970226e-02 -3.500243791439784907e-03
-1.336161174359296877e-01 5.108132484260106965e-02 -2.168681632154514927e-02
-4.334393036778470820e-02 -4.231304079636713511e-02 1.512902850930090796e-02
-7.295722240276143744e-02 6.428136612032066613e-03 1.627296146637824056e-02
-7.382006079522741848e-02 2.608502217773428500e-02 -5.253132021942522739e-02
-2.597310645944526583e-02 -2.372485509928397296e-02 8.393885943154578977e-03
1.141504380398222773e-01 3.430149729117896312e-02 -2.669520617586950209e-02
6.793572943170678169e-02 6.281780184657237420e-02 -1.982532815284306082e-02
-4.836307976039667944e-02 -6.355779220286586484e-03 3.587777562300732692e-02
-1.675046102517921132e-01 8.295256352340281414e-02 -3.510331047538534522e-03
-5.628183804576766813e-02 1.179695516529912294e-02 5.274516697329490605e-02
1.259762992991784736e-01 8.875093032971233253e-02 -2.967173178147168924e-02
-3.562139179429565927e-02 -9.030180465534042369e-03 2.012008772070067800e-02
1.266906642533419947e-01 1.142684751102735069e-01 -6.179249591370451766e-02
-8.418064833720734219e-02 1.599540757452102072e-02 7.839859062169576148e-03
-1.066422784819016922e-01 6.697614331470759519e-02 1.857281179278304911e-02
-7.725253541548426917e-02 2.890546825830778502e-02 4.657957043726554391e-03
2.891413823346250869e-02 1.158034364954159401e-02 1.760142735398093072e-02
-8.768132855754140476e-02 5.778886370106888631e-02 -9.671960848212165715e-03
-9.399077195050180300e-02 8.859824841274168902e-03 1.665270234126210031e-02
1.219665411907718162e-02 -3.321695415368156046e-02 3.472046893920120031e-02
-1.326054606156388538e-01 6.344059494695609980e-02 1.449650766598820258e-02
-2.053092745703048033e-02 6.921693904149348042e-02 -1.060887825506109591e-02
-1.385229763466677977e-01 8.829979194626665084e-02 -8.107240108391545672e-03
-8.052206632008203357e-02 4.615031942531008097e-02 2.578457636116314455e-02
-3.668239127636829799e-02 -1.355138141924669415e-02 5.816687767566425422e-03
1.381583531139916055e-01 6.771610296463795309e-02 -9.911782236521483446e-04
-3.729420907196133450e-02 -4.916714112973132045e-02 -1.281491320128373863e-02
1.684752335566854220e-01 8.039030135773227170e-02 3.221407978323227034e-03
3.904043320924408412e-03 -6.422267317686834037e-03 -6.202437243626245794e-02
-4.489008929891039751e-02 1.626533771349468124e-02 -3.352494519068530826e-02
1.661926110409457091e-01 7.951075652283828843e-02 -1.157460723504263531e-02
-1.588011620141157043e-01 7.074175718974991256e-02 -3.530451198170734585e-03
-7.682625599913302239e-02 3.310863988301936817e-02 1.936708569064269844e-02
-3.065999072261139588e-02 4.328558667201096166e-02 1.006456407197194036e-02
9.695593495554379049e-02 4.768314821398370040e-02 -3.455426055054684059e-02
9.390431036322055558e-02 1.015811036914262694e-01 -4.537921290347227826e-02
-1.287509135778026892e-01 6.921352017401280476e-02 3.289774211393917819e-02
9.124920443469593245e-02 7.579989687404770082e-02 -3.224621441902231211e-02
1.928847954862034433e-02 -2.617964250324722117e-02 -3.730243243054241070e-02
1.511406183008371512e-02 -1.311645359282771935e-02 4.293884237637152906e-02
6.853416595802385813e-05 -6.004772649100724793e-03 -2.540234627971913774e-03
-2.816040972607057255e-02 -1.390906181189865629e-02 5.493365066688715714e-02
-4.684806183311025080e-02 5.808915776372161610e-02 -6.189766585474299615e-02
-4.970740019988922204e-02 3.841929762336992321e-02 -6.193193043653390933e-02
-3.091775571929831351e-02 -4.659760345746895294e-03 -1.868854705228979035e-02
-1.962067179628139771e-02 1.556459284162886071e-02 6.191481737275712077e-02
1.554664900712863229e-01 8.770913296609129939e-02 1.630178564394623190e-03
-3.264920382181429187e-02 2.872348129936425076e-02 2.873141901613516375e-02
-1.878152438816116810e-03 -2.846742146205827675e-02 4.814303876709960517e-02
-1.482045414532186522e-01 6.035130712675439157e-02 -5.760571938826025522e-03
-5.857574784804359808e-02 8.250419876268351438e-02 -3.099396309987737311e-02
-7.480327168271744265e-02 1.326561914991145584e-02 -4.480652462675822206e-02
1.677426195475626922e-02 -6.060423475602536025e-02 -3.014924419419107160e-02
8.046695749807968034e-02 5.372341782581434300e-02 -5.955109667596050066e-02
7.639911761788473199e-02 5.120300367105040662e-02 -1.365711597239308885e-02
-5.552177005791564951e-02 6.656192360576523859e-02 -2.398826033685335160e-02
2.545261861803831821e-02 -4.225019447443011458e-03 5.340763579460863081e-02
-6.689492213634251616e-02 5.068223316663506700e-02 -2.102472905211566837e-02
-3.751325413617172949e-02 -3.298266448386754507e-02 -3.755492286852219613e-02
-6.875528846328604615e-02 6.628603041073742597e-02 1.133786630904158599e-02
-9.330023301043226594e-03 1.802490117177195372e-02 -1.609581047878043750e-02
-3.432481456231732675e-02 -2.253236426450962865e-02 -4.782599231697955838e-02
-5.915801999998887561e-03 4.869554413666615789e-02 -2.707536672719662238e-02
-1.792651990044838717e-01 9.099265734294489927e-02 1.179808518452145003e-03
4.606940252514528378e-02 5.730603287788098993e-02 6.669712348126619712e-04
1.243925108741430058e-01 5.783603519586944658e-02 -4.104858670825851930e-02
-6.768751171131293098e-02 1.646273402814505196e-02 3.351117075460691153e-02
-1.097163490088599452e-01 1.097676205630148949e-01 -6.240786032807803252e-02
-1.286837006311353504e-01 4.840074770894886580e-02 4.455479592701404486e-03
7.846578799919205760e-02 6.850797802661484637e-02 -6.202404549655195221e-02
6.517873213131654409e-02 1.252940150634665115e-02 -3.420143024020454170e-02
2.411168433156080093e-02 2.297474103206807380e-02 9.129671037654137414e-03
4.050130761279922831e-02 7.067486984657207760e-02 -3.250142725802505905e-03
1.302787779272480961e-02 1.884758825717029393e-02 -2.071685921932318007e-03
-9.777941987690326464e-02 4.925620007715034165e-02 -3.475376050771090963e-02
8.856348084456659719e-02 2.846778510149623048e-02 -2.664708693631861677e-02
-2.300290010201732835e-02 3.141719143080592969e-02 1.563269257454434277e-02
-6.560025570329577893e-02 1.066221872659610520e-01 -5.101755883314314927e-02
-1.314280351596164124e-02 7.942817567469465101e-03 5.065369295507258368e-02
-1.141566977399649657e-01 9.551563182422305454e-02 -6.094216811142802448e-02
-1.053637724129763420e-01 5.507373596962555906e-02 3.822449709176719418e-02
-6.151767408010577753e-02 3.328043644013103930e-02 -7.516968427014870903e-04
-1.484335296197744347e-01 9.797172358103228840e-02 -3.297279006205022095e-02
-1.150037990892104206e-01 6.363950077715072040e-02 3.056863435302803120e-02
-5.955462485663250843e-03 -9.113318155185781352e-03 6.152263649602645462e-02
-3.429723228544474811e-02 -1.606014198622499056e-02 -8.775156480827241839e-03
-1.863360180780676903e-02 -1.482487936519811915e-02 -1.190727160004581130e-03
7.346611968140191740e-02 4.150185829439389379e-03 3.866843675436588967e-02
5.671308656985971780e-02 5.336254051212456495e-02 -4.889107156943527793e-02
-2.920330871059897970e-02 3.531152526392077745e-02 -3.605182365639978542e-02
-3.386932403335757985e-02 7.188765828910940493e-03 -2.891504217629019963e-02
-1.245994872875768600e-01 1.115144608339787569e-01 -6.174325084100852623e-02
-6.176662458048484683e-02 -2.833734747000950759e-03 2.000668898004542146e-02
-2.146670305763434192e-02 -2.850779275903871091e-02 3.539379885352469945e-02
-1.696465647518124661e-02 1.909257480787712735e-02 4.133633408511493135e-02
-8.833195010637839850e-02 3.250488460024136134e-02 2.899228658928409627e-02
9.212568633414122340e-03 -5.586158308858538840e-02 -4.218204843937610471e-02
-5.576296025533130502e-02 2.511916107429500167e-02 -5.855706300827250022e-02
8.083533834260601958e-02 1.097911680945150813e-02 -2.705127496876682473e-03
6.110148976302309104e-02 -5.555992478705206600e-03 -1.347272491927957970e-02
3.786622649062406504e-02 -4.039417872154676264e-02 -2.897742386775060963e-02
-1.378021007507279107e-02 -3.711953807495600721e-02 5.101895654344373171e-02
-1.522343234653169425e-02 -3.135789159854251301e-02 1.267227654845672373e-03
6.797853070399530184e-02 3.957727577541758635e-02 -9.290452348098414068e-03
8.625694394124060194e-02 3.812096742794995191e-02 1.154919848529680805e-02
5.612159639369918018e-02 9.071458875955737411e-02 -5.148917799429996583e-02
-2.352520345963998727e-02 2.622766540717652584e-02 -1.490390786582870830e-02
-7.835627001035039285e-02 1.865664503327357435e-02 2.307398884806709585e-02
-8.493192132966326247e-02 6.227866753753185172e-03 2.830829416635349816e-02
9.960427230301928392e-02 3.823744978486411095e-02 -2.320914236171779665e-02
-5.192963865237740922e-02 -3.133451251291863998e-02 2.067311771067630033e-02
-7.465375955403216746e-02 2.829243449514939890e-02 4.355819195899223589e-02
-3.331465893748784823e-02 7.176475468721838988e-03 -4.390218706318772812e-02
-6.001735229238382846e-02 5.588496007575355362e-02 -3.353453322823837790e-02
-4.106528831191577633e-02 7.162715515570920732e-02 -5.856543379141280342e-02
-1.043580607894485923e-01 5.581961124427606280e-02 -1.089585090984190353e-02
-6.390523132218324520e-02 5.196987409802136110e-02 9.073222144224450669e-03
-3.080395695740874729e-03 -6.670962728085882976e-02 6.805253218753394562e-03
8.570492524662094713e-02 5.284804051101790051e-02 -4.389005879555408357e-02
-5.388475198370402258e-02 -1.442576424517808681e-02 -7.920448896101028521e-03
2.101284803977308477e-03 1.114785369098848268e-02 -9.132700003781126993e-03
-2.166370734923644958e-02 -9.558409524384461550e-03 1.348344596486364573e-02
8.462261218058970969e-02 3.953324498034662543e-02 -3.707549672799177048e-02
-5.558100020582516787e-02 7.622682832036237199e-03 3.387491677343844321e-02
-5.197804738721521767e-02 2.725970764659971235e-02 1.338388727387364655e-02
2.131415537946460687e-02 1.725227242155518911e-02 -6.235915741948967750e-02
-5.989668234768037725e-02 7.999247093735069314e-02 -6.081717963446094805e-02
-1.002845136916880320e-01 3.656660775929142237e-02 2.088774629341593955e-02
-8.441979010564787389e-02 6.736852921461825017e-02 -2.076194726079345909e-02
9.617020076698776232e-02 8.614922324077770380e-03 -8.278022357933198169e-03
2.178686424011453543e-02 -1.860581501798036844e-02 5.553628697455982588e-02
-9.567518688430040608e-02 7.134070409362791576e-02 -3.353021192687687807e-02
1.569980120669202117e-01 1.096429861286919299e-01 -5.266365127580666800e-02
-6.295019867261021640e-02 -2.138292076131951408e-02 1.855102393093585253e-02
-9.542728432237868041e-02 7.667356778886580404e-02 -4.810085686731353782e-02
-9.368752476170522092e-02 4.600074962113529647e-02 -2.069587463600756558e-02
3.095546540898188106e-02 -2.704776088232420383e-02 -2.773235227456678775e-02
-1.649658496130751786e-02 3.135183423754817067e-02 -4.925894782522035470e-02
-5.659340081384040683e-02 -1.018639675844778755e-02 -4.085746456776697538e-02
3.054374818406265651e-02 5.388613383662784612e-02 3.468158588572078059e-03
2.261216913032228736e-03 -3.909437672076647441e-02 -3.986799459771361853e-02
8.514845198810422344e-02 7.680515239515264131e-03 2.995616858740385302e-02
-2.285893027931979599e-02 2.527047094606751226e-02 -6.240635021174621017e-02
-5.274175631973659906e-02 9.526929488415036233e-04 -5.055499205660023143e-02
1.847976172470497044e-02 -6.666824438921237217e-02 -1.655593309968794030e-02
-2.993315814795131924e-02 7.705211499071590309e-02 -1.927902702186450046e-02
-9.694113391268227575e-02 3.192682256500762455e-02 -1.666535619806520582e-02
-3.722936592630181341e-02 1.867928095972593017e-02 -1.932616880318592609e-03
-1.237942259225936897e-01 9.219058268236055009e-02 -2.683252386689928201e-02
6.025993134508308285e-02 -7.268444910492203107e-03 4.739060336659761501e-03
-2.343270800221708069e-02 4.436805817621082559e-02 -4.658949981196118528e-02
1.172693883499066753e-01 6.653797989289642056e-02 -5.111492130802237910e-02
-7.840695867370088556e-02 5.738759544707727062e-02 -3.019626416542438643e-02
2.254820076730460355e-03 4.030993178879700017e-02 -4.675816787242880607e-02
-6.711418306366102871e-02 1.937685032202339508e-02 -9.302314461987207716e-04
-2.359639673323688652e-02 4.023264048879787030e-02 -6.135102390418149809e-02
6.886566238207239565e-02 9.618567652542835134e-02 -5.771498144431134319e-02
-1.169826688480132965e-01 9.633972234331596163e-02 -4.622385130104103568e-02
9.022554542480357154e-02 3.253239126121904023e-02 2.755746519774458433e-02
-2.486755122833567838e-02 1.891427464854419579e-02 -4.897533951085449727e-02
6.107628339378255028e-02 4.957920986129994018e-02 -1.807133371753975523e-02
6.329834045440349555e-02 4.544794067253504766e-02 2.788245188100489658e-02
9.126963831434894980e-02 8.011005986067012974e-02 -4.690560312425103712e-02
-1.157307592550858161e-02 -2.033342958053279553e-02 1.083387113839003740e-02
-3.142016298635028765e-02 3.218154992771705969e-02 -5.140485372885421345e-02
-4.354343194162428599e-02 7.115676909847119813e-02 -3.174954505375808533e-02
4.623716583962962645e-02 -7.194345655718749691e-03 1.011372400762348966e-02
-1.418665445815129322e-01 6.235820978328671799e-02 -2.713672733204767346e-02
-1.233772317416165394e-02 -2.282357272406717458e-02 5.729305400587612201e-02
8.528091926843618664e-02 4.070505877511495368e-02 -5.385674980152226760e-02
-1.236994865235011287e-01 8.401634629006078658e-02 -5.582147732199719409e-02
-3.194653185858395417e-02 1.914962429412909659e-02 4.373135384844643175e-02
-1.620481259858695677e-01 1.057798183307275541e-01 -4.787702805879978651e-02
-1.065272923447284220e-01 6.124911085821955342e-02 -3.688599471965286342e-02
1.018081661378815450e-02 -4.769783443467595641e-03 6.154025082752770381e-02
2.651683412491189374e-03 -1.647121078503141836e-02 8.061444050492264091e-03
-1.760218253340767314e-01 8.997777878598935131e-02 -1.366328282410612244e-02
-9.273247480352415917e-02 6.280110913477482404e-02 1.478277900371902445e-02
1.171863809236406984e-01 5.714622475763595638e-02 4.315526797395975028e-02
-6.058263540875956366e-02 1.609425823866784608e-02 -3.749716292542612517e-02
7.227243795300154240e-03 3.206142391430667760e-02 -3.526063985579208637e-02
-1.184375279749872861e-01 5.760877649423934432e-02 -4.527412360505249367e-02
-7.952552797936508766e-02 1.095668432469706771e-01 -5.574239025396317271e-02
-1.056220868714718465e-02 -1.049543118711860831e-02 -1.710583963397047796e-02
8.821494925090138384e-02 4.832447684979888913e-03 -2.041492702181106275e-02
-1.654314870729707287e-01 9.523861244954738570e-02 -3.776016589478135149e-02
-4.393659408284299878e-02 -1.106951504281239104e-02 -4.885419782595185750e-02
-4.361651871891714105e-02 3.910672244780082074e-02 -3.290368924908763232e-02
-1.555144941743739906e-02 2.167064743238979185e-02 -3.672657506972035191e-02
-1.740180522023783080e-02 -6.975223973567749869e-02 1.003100507529412246e-02
1.119624440127087728e-01 6.385429024434947920e-02 1.780515618010018470e-03
2.131765497886784031e-04 -3.022879416361522881e-02 2.595716943261295109e-03
-7.552474108779576312e-02 -5.099071334432842689e-03 2.551716342244608748e-02
-1.167859623226713134e-01 7.195698838565288413e-02 -7.121369064623765330e-03
-2.550772892441081907e-02 -1.932671354893024038e-02 2.419089150080052861e-02
-1.145391246735525115e-01 3.294110710244867180e-02 2.381966644262255295e-02
-7.928390051064271304e-02 4.156653321810899193e-02 -5.647098276408691470e-02
-6.091931424076205137e-02 2.536294198543695769e-02 -1.355319349665704172e-02
-2.549688776792895240e-02 6.819616821647216109e-02 -4.779314911911231728e-02
8.386230524651492116e-03 3.450375428261663602e-02 4.174900787675075997e-02
2.664283607935059514e-02 -2.618342819929544464e-03 -4.523108307970112596e-02
-1.929680475580093646e-02 -2.635691655569088500e-03 5.932512121470637917e-02
-1.025105419131091267e-01 6.700857683210309501e-02 1.490108978280215487e-03
2.329356891044988970e-02 -3.455424679990259863e-05 -6.020205129668072114e-02
-5.336204897826865579e-02 4.109238967994266641e-03 -9.626460444246111997e-03
-1.387383204516309254e-01 8.744230680669951017e-02 -5.080804542401224505e-02
-1.011328532039167671e-01 2.066006583009513328e-02 -2.575089506001808359e-02
1.069731214220893094e-04 3.618512171509644538e-03 1.741069999761153328e-02
-5.062315335238762315e-02 -3.039846398886601395e-02 -2.489821813059010791e-02
-5.251643965625985011e-02 -2.203285926845768503e-02 3.350142067900638981e-02
5.129161574879791130e-02 7.885757054132315480e-02 -5.929500416631194176e-02
-7.399993780827296419e-02 8.947390345338364359e-02 -4.472044419024060607e-02
4.036290703142132730e-02 2.943864549474645501e-02 3.362687006848642801e-02
-6.381724622804776925e-02 3.761253270342865968e-02 1.343194422425956873e-02
2.557948915085176550e-02 6.098987901527317540e-02 -2.243153230415891042e-02
-8.725742965444543628e-03 4.185495899518527213e-02 -5.787189366801336055e-02
-1.414659375612183911e-01 7.374822166696018422e-02 -5.969945453658410256e-03
-5.906726264605872967e-02 4.187487845563057226e-02 2.762955855054330043e-02
-3.142878633485545609e-02 6.014021355192298440e-02 -5.898356999966913872e-02
-4.218940681955848232e-02 1.840262553067737242e-02 5.472372585557493119e-02
4.621214863068905804e-02 1.968377029284333959e-02 -4.546062423611725578e-02
7.573427520528280832e-02 4.463089453766799775e-02 3.083881558787203263e-03
3.744237587432047709e-02 2.301922686626362360e-02 4.960326118833521120e-02
1.100934398098391553e-01 7.296722394626893593e-02 -1.740636109278932697e-02
-1.078739700845080390e-01 8.694859709939208037e-02 -1.453134404244353466e-02
1.237307593530078131e-01 7.974599991579257863e-02 -5.405947897734390828e-02
1.068425289388153232e-01 1.909412063896678141e-02 -7.186398480913043854e-03
1.062889947220811704e-01 4.010851024981847146e-02 -8.159696741399253758e-03
6.990348991240227794e-02 2.096314033859271800e-02 -1.098700265926332020e-02
-1.871420415567767725e-02 -4.596717900015746122e-02 1.917326377570782725e-02
3.514639313187523095e-02 -3.769942300421329218e-02 9.055869843664001318e-04
-7.650259485909076396e-03 -3.857939409783973234e-02 1.225119758109662060e-02
8.126853499304831710e-03 -4.530571742669183694e-02 -2.997625004992384833e-04
4.872246362037448153e-02 8.825178792639108358e-03 -5.572572793826317816e-02
5.141297022811422424e-02 7.846584479012725516e-03 -3.785835990731405837e-02
4.821172911202101057e-03 -2.921022857474181444e-02 -1.163142432150948528e-02
6.447458426419033772e-02 2.654570651175469642e-02 -2.380409830823847564e-02
1.583833428253783593e-01 7.019614887908251499e-02 -2.244918559698257619e-03
-3.487285675538480401e-02 -1.864017832462561142e-02 -3.140179803280004900e-02
1.431355535800291345e-01 8.402267480894630436e-02 -2.445661889007913134e-02
4.214170803258992376e-02 1.460930151246131632e-02 3.477937000031496723e-02
6.477815794946341355e-02 3.053125274584562662e-02 2.791926642954442248e-02
1.049504079846185212e-01 5.789110088704246815e-02 1.369153800405054945e-02
3.454046131877017232e-03 -4.741061486302914144e-03 -3.222229878634290390e-02
-1.746363592911537657e-02 2.209020655851651888e-02 2.011988126612774229e-03
5.994407237253553122e-02 -2.686965005824802286e-02 1.153697501365135748e-02
1.603553621876502994e-02 -3.592141090408384856e-03 -1.335784558126091367e-03
-5.969424137756284415e-02 3.030664320735875633e-02 4.060031473168476679e-02
9.213870824578414276e-02 7.906793077655356605e-02 -1.449688943862483155e-02
4.746206529776662159e-02 2.926755121019164463e-02 -1.928990807282460283e-03
5.509306450406089434e-02 2.114310515484527087e-02 9.112486693079019026e-03
1.900455856936319327e-02 2.204501796651019488e-02 2.328144302947382852e-02
7.100436092885904771e-02 4.857570770430052337e-02 -4.573474685501389275e-02
-1.054764160523079947e-02 4.456877357206107809e-02 1.789569475921840014e-02
5.787841988937837689e-02 -5.875545787506456126e-03 1.947733297358306137e-02
-4.321669664415164758e-02 -1.524213623398452955e-02 4.680911385633315658e-02
-1.097790658818092666e-02 -8.062876594213395573e-03 -6.096331328301439478e-02
-4.770140434011548025e-03 2.305095827664843319e-02 1.737602827635248079e-02
7.370680287238080830e-02 -5.577778856473218985e-03 2.704911999172943116e-02
-1.331116496808829562e-02 -4.068241099912025399e-02 3.212466770783353742e-02
-1.246020814828853185e-01 8.446687386700377220e-02 -3.625803791687696662e-03
6.061860665960209366e-02 1.119297466127950821e-02 -4.424686357707276717e-03
-2.223674617370870535e-02 -1.973599259279154583e-02 -3.941137490507390373e-02
-8.872842879915929237e-02 3.669735012528578533e-02 -3.447862067077786530e-02
1.538026727770324120e-01 6.857924145684882178e-02 -1.644872480433247006e-02
-1.031288056795985203e-01 1.534367654736961198e-02 6.695367187470883247e-03
-4.629403602494636116e-02 -1.635184415333676075e-02 -2.190961701653997354e-02
-8.072649163131029315e-02 5.364679254126457353e-02 5.236929365454920382e-02
1.032589632844231609e-01 4.286827897812162114e-02 4.559705848060427447e-02
2.623685016492829578e-02 -4.920811987790030262e-02 -3.244544171068145660e-02
-8.786893173071862184e-02 1.955148528831835916e-02 -3.961066069797147815e-02
7.573782946073331912e-02 6.514274091613608819e-02 1.810058424496971408e-02
1.120982325236137694e-01 2.451193339465603666e-02 8.173599813283574309e-03
1.216938135562238427e-01 3.337414981609190812e-02 8.124302748640754553e-04
4.253583334479456995e-02 4.281447825405445412e-02 2.178157223216512992e-03
-9.936265954505049680e-02 1.301970402182257673e-02 -1.296877595477879778e-02
2.621016457565217631e-02 7.066334677490365701e-02 -1.080205115225031653e-02
4.716862841665439565e-02 1.564746255416283802e-02 5.833286351363284328e-02
4.612393730960070992e-02 3.354141335584058525e-02 1.362552676696046454e-02
-1.360615734361730889e-02 -3.475833197136280611e-02 -3.696859061913059658e-02
1.109633507581710490e-02 -4.672385584373255768e-02 -3.043629296296718537e-02
4.021086503574364257e-02 -4.823629766468562514e-03 -3.596356039188033232e-02
5.605615504398648447e-02 1.650817264674398974e-02 4.005360623580943302e-02
-3.464461842778681494e-02 -2.929411946854140920e-03 4.705817489940943704e-02
-2.642920718647885289e-02 -4.308658682583040023e-02 -3.848908411462340085e-02
3.397207944482964759e-02 2.528939016150997393e-02 -6.216061390057153746e-02
4.574252113616174287e-02 -2.144907833306868711e-02 1.473636677063944536e-02
-6.156349291911066002e-02 -8.274995249511951298e-03 5.273789036249539909e-03
2.905072120378620563e-03 -6.139625245025400607e-02 1.948044496879753826e-02
9.083967705990822483e-02 2.964962158140064044e-02 4.504536871647345231e-02
7.575899940762458908e-03 5.302510404749431749e-02 -2.211834046779133714e-02
8.677338173661826304e-02 9.092479403907556545e-02 -6.232451456559219560e-02
2.201162542497744901e-02 8.844770782149374844e-03 4.564315043115333564e-03
-1.460572548007365856e-01 6.892443912488828428e-02 7.516262121025523053e-03
6.011190592150423423e-02 1.027069840983935297e-03 3.260232740174724697e-02
2.422824762340516299e-06 -8.632483279955409372e-02 -1.320018638490349540e-02
-1.075432360121108231e-02 -2.434165324746590670e-02 -2.657094510500822640e-02
1.474552822484177100e-02 -1.455304939303567191e-02 -2.899040883282250070e-02
4.872369988154362508e-02 -2.042863747112507941e-02 3.883159729949958727e-02
8.723179633519483056e-02 5.711170862103149420e-02 -2.811518493820797104e-02
2.825590858100363381e-02 -2.388834746992121727e-02 -2.212099661850740369e-03
-9.525821560334865601e-02 1.057905289867365484e-01 -6.193601357708897193e-02
-1.247232157243846201e-01 5.035940660845107664e-02 -3.374464645134223062e-02
5.633333133850673219e-07 -4.159675804370983887e-02 5.513958262396986831e-02
-3.011505545337393383e-02 1.396994872338519662e-02 2.785010018424529873e-02
2.640087723737149020e-02 -3.803193213306037268e-02 3.447242292567337385e-02
2.247653811017971681e-02 -4.507172603430385782e-02 4.031209159255646872e-03
-1.206795191345260282e-01 6.184393816489799911e-02 -2.498637128286756992e-02
-6.536160526583416341e-02 3.662105896336711325e-02 -5.904098340494018382e-02
3.685757235986431707e-02 -1.332095353476155097e-02 -2.407048909850855248e-02
-1.048355058189197192e-01 2.148088640167368502e-02 2.044758820783873846e-02
1.632772537423476944e-02 7.497127115064949887e-03 5.547473314426270424e-02
1.106117487381298170e-01 4.201679378103405360e-02 6.081385415805264268e-03
-1.186230817437974525e-02 3.532735217239128551e-03 2.644644123575181152e-02
-5.954562071728219941e-02 5.010129016780014155e-02 -6.208146476763528460e-02
-1.806990787585145003e-02 5.356616266827829431e-02 -5.716769984759854928e-02
1.021677336425396571e-02 7.169598696759566826e-03 -6.239019312734119665e-02
4.368367456923463038e-02 1.248364807222171469e-02 2.001891775230392120e-02
8.761838083935685750e-02 2.393162754320675434e-02 -4.321879377912456188e-02
5.440837689325160598e-02 6.355012548427322813e-03 1.151650620020363940e-02
-4.681323278131629961e-02 8.516037028316698898e-02 -5.560131873562417643e-02
3.920480161006474618e-02 -4.038389376131370362e-02 2.703125266951405745e-02
3.934811229614369743e-02 -4.744994435377433012e-02 1.166503098155828588e-02
1.366900645279240378e-01 6.231150742552322291e-02 -3.371431269822622312e-02
6.954276311519173859e-03 9.405786218877201050e-04 -4.565335547043428144e-02
5.246958358806386169e-02 1.815771070764843689e-02 -2.702566986744993696e-02
9.665651181243427315e-02 2.915352379117968143e-02 -1.164978513002105920e-02
-4.646735885996520349e-02 2.016664071223642218e-02 3.247753776056812314e-02
1.786675409668298242e-01 9.047427777573080476e-02 -1.184390659639283309e-03
-1.163277103014509067e-01 4.850994892847149131e-02 -4.043968519698681006e-03
6.436780528631264216e-03 -5.161555237104085980e-02 3.027840384044405697e-02
1.391445022295667300e-01 9.537504612897435008e-02 -3.340886213945552796e-02
5.843285712403582799e-02 -2.693057406879926022e-02 -3.385796467493902909e-03
-2.455093179950595603e-02 1.312605885904342615e-02 -7.698090780240308441e-03
-1.098264767603342055e-03 2.262488314187707100e-02 1.366630362950131510e-03
-4.331772068622588567e-02 -4.504387517571614707e-02 2.828522830744826860e-04
-1.198748255653746542e-01 7.947511967454916337e-02 -1.989979862525970492e-02
-9.582058596378255008e-03 3.066314256834003910e-02 -8.024989859840776438e-03
7.707061317826774394e-02 -4.680280190426444782e-03 -2.360497217656438301e-02
5.565881853598185491e-02 4.784110068461528559e-02 7.395373691208541149e-03
1.627873345070297850e-02 -1.343938223027885473e-02 -4.461970232082342058e-02
9.662205936561048258e-02 6.618038186999776473e-02 -2.073210274093929481e-02
-1.178006202776696459e-01 7.111287886343041487e-02 -3.759926657269498790e-02
1.561730859687895656e-01 9.376897561924789348e-02 -2.406776086834192668e-02
8.706041417457469067e-02 3.721985419387065230e-02 -3.411142618219862709e-03
7.406836921195392165e-02 -1.278758251166878246e-02 -1.134383312815214623e-02
-5.356755369782808043e-03 -1.954675384067170243e-02 -6.338690153969806645e-03
2.404443783851440211e-02 -3.166460714128043613e-02 4.849141527959645315e-02
-1.177675128297177437e-01 7.058790343402757128e-02 -5.276195507287374103e-02
3.544137481922710053e-02 4.016263514511841243e-02 -3.539572771479700813e-02
-1.281843846965347034e-02 -2.014710571240403356e-03 4.013001026471243148e-03
6.750051368381804195e-02 6.304045454525093739e-02 -4.389756922940543649e-02
-2.328609285883715893e-02 2.040339364070310312e-03 -6.056986415575218996e-02
1.434319724011817454e-01 5.782031491839808440e-02 -1.522227792691088419e-02
9.051318797010510231e-02 6.034115506182659988e-02 1.042828838299007452e-02
1.266921850203197308e-01 4.629179898189415832e-02 2.587882440638393511e-02
-1.616809415799940752e-01 9.882934187241608492e-02 -2.368895078764564344e-02
7.523834628168013516e-02 1.217282357301837162e-02 -2.204214118177332329e-02
1.251134990885797438e-01 4.040610876223319631e-02 -1.773116311326851380e-02
1.171127244078705052e-03 -4.785532937147616434e-02 -5.199181582922988987e-02
-8.489361805653174164e-02 3.997913866477701555e-02 -1.014180014742754703e-02
4.385761578959446183e-02 -1.432834908554518442e-02 -4.697720746197617259e-02
-8.517656067113597851e-03 -2.287133161389700783e-02 -4.456690469725075460e-02
2.893104301582227061e-02 -5.127107365103708569e-02 2.611163326921729644e-02
1.160573506596320331e-01 2.962000500532796857e-02 -1.257951435872004670e-02
7.545282869677777393e-02 8.087835881942107008e-02 -3.756869245047476935e-02
6.391699056607288987e-02 3.777252161008218950e-02 1.481392465378908105e-02
-2.289802206252487468e-02 -3.259184478311902972e-02 -4.860663743830504618e-02
4.317115725844054841e-03 -6.862200272039767346e-02 -3.523298318746585084e-02
8.329861590132929539e-02 1.720540053579881767e-02 4.139772333292688483e-02
1.246428290433781588e-01 7.079924014643174113e-02 -1.429338793232081371e-02
1.109902395684423532e-02 -2.911724358024786116e-02 5.561186270159342027e-02
-8.842781203389799005e-03 -7.549704383976060806e-02 -1.859520403699279484e-02
3.269555517503033165e-02 2.771966986072123620e-02 2.076686988232167783e-02
-1.024224760327851202e-01 3.095215028796299492e-02 -3.658097637131728364e-02
3.306420684632454393e-02 -2.471867666809198644e-02 -4.722843461269093934e-02
5.963157176042473140e-02 2.468053418299950841e-02 -4.101364872427539637e-02
-1.088481109722931883e-01 6.932554725062807510e-02 -1.957377694702554932e-02
4.172932883275972532e-02 3.812133128027837825e-02 -6.238447734048705590e-02
3.123318333795379806e-02 -3.382772828159391620e-02 -1.304191730502403737e-02
6.350616829386721007e-02 6.955199271863785060e-02 -6.227156896008050752e-02
5.096322346890328620e-02 -1.436707938870916343e-02 -6.743980789532322447e-03
-3.622163016617206688e-02 2.887583793652410621e-02 9.021871465014139058e-03
1.346459850823248094e-01 8.778601528319469882e-02 -1.267879190858885348e-02
7.812744405900623468e-02 5.010164172093618980e-03 -3.500142460445127002e-02
7.773408937940488872e-02 3.059867222110497845e-02 3.756639951897714630e-02
-7.402556318406976199e-02 -1.250642405878906599e-02 1.244401538713814023e-02
9.450402566977611496e-02 1.016319034976128667e-02 1.850467338914755025e-02
-5.833759310070433385e-02 4.133822630976828616e-02 -3.036290563221888048e-02
8.549529453064649842e-02 4.327974362224436961e-02 -2.257961154466148548e-02
1.021729976800554301e-01 2.696355705761131760e-02 -3.275919393601055274e-02
1.200749895745718485e-02 5.022255958901934714e-02 -4.113613374242279519e-02
1.848178095275391716e-02 9.604307895560807232e-03 -4.976919664634439633e-02
1.710329697403799587e-01 8.883684310819751906e-02 -2.260139717931244907e-02
2.715793156493666316e-03 1.809178444487359594e-02 -5.536826032381698265e-02
4.294923862041001572e-02 -2.852738293896692548e-02 -3.661507975567819539e-02
-9.326268824632345800e-02 2.740655106455805456e-02 1.131879809974181868e-02
5.008620475685048035e-02 -3.816435406596382224e-02 1.978494642672870129e-03
3.721011888883254959e-02 7.247910699982472449e-02 -5.664708357477790668e-02
1.456833197365541357e-02 -7.494731963598935155e-03 -1.574680754626782767e-02
6.288221700813581951e-04 -1.428719078939830016e-02 3.272085235825378247e-02
5.171286036279461318e-02 4.931252983397081679e-02 -6.243384182892648682e-02
-6.662238754951519232e-07 -7.752432530828354262e-02 2.995565538790677385e-02
-1.121872584156199115e-01 2.795367680037077335e-02 -1.871876429886356469e-02
-6.855405504942518879e-02 7.123603759765793908e-02 -1.816313298208340268e-02
1.314477618735768183e-01 4.345452828205387252e-02 -4.482202639034981416e-03
7.827677841485063126e-02 6.913050593500226493e-02 -2.868061364345635134e-02
-2.445503145408568779e-02 -1.694198801288467927e-03 -5.474889317436264051e-03
-6.080874681784748104e-02 4.646823858293925441e-02 -7.859961450091663970e-03
1.478531396216309635e-01 6.982785835919942674e-02 2.910017881744682289e-02
1.217249295693350331e-01 4.602361189849360490e-02 -3.218744228951013475e-02
3.560788234153519638e-02 4.168074936797142721e-02 2.642533093372483391e-02
1.112291315731154112e-01 8.192626589287911598e-02 -2.937888199544869822e-02
1.759944886111450627e-02 -1.524114938034135634e-02 7.980311552971427677e-03
-1.288787708144210897e-01 7.113567244632294784e-02 1.756230974773337035e-03
4.973655587213872409e-02 1.232613924652233711e-03 -1.782353452578061591e-03
1.174808801930848079e-01 6.034243186795791580e-02 2.486377474311940797e-02
8.975705283613046037e-02 1.404235928721094678e-02 -3.214943263915283345e-02
1.050626120677157632e-01 7.204729500523704422e-02 -5.786663244686383184e-02
1.395078500219422979e-01 7.298875869219439982e-02 -1.496685689181202240e-02
8.379813224808571603e-02 4.429751928522349808e-02 3.826268200337517439e-02
8.480289087116754665e-02 -2.810943841679957710e-03 -7.971175371701725437e-03
4.015404311194641432e-03 -8.430474456618419765e-02 1.103191364800361254e-03
-2.904223576497733453e-02 -3.510152767922637695e-02 1.875230132419749077e-02
1.177491159219571232e-01 8.651544551927285720e-02 -4.208365317421135232e-02
2.432684833549943887e-02 1.983764844676015170e-03 3.493811840400215529e-02
1.611694638885741854e-02 7.417065031315225876e-02 -3.577765067683874589e-02
6.798372629672401468e-02 7.677505580160615128e-02 -4.991207007057687356e-02
2.759493353919472564e-02 4.865363682946420576e-02 -4.557649166906348193e-02
1.236863702138345650e-01 8.908684835983196604e-02 -2.523162850173786640e-03
-9.376753288332861924e-02 6.205956091998848789e-02 -4.515801781659098402e-02
3.223218352302203299e-02 -1.547108053927168624e-02 4.524440160629136787e-02
5.276036040170813818e-02 -2.800290132381283437e-02 -2.528647110474584528e-02
2.689410648151950578e-02 -1.379710849908949780e-02 -5.545070638172061583e-02
2.831216181410986521e-02 -1.201278313130178105e-02 -1.181294237021129727e-02
-3.345362162190931420e-03 2.615885151885710344e-02 -4.427392243830612084e-02
1.282810760195464972e-01 9.710063530084468708e-02 -4.360547562547996414e-02
1.311248190609746456e-01 5.765711719408708746e-02 3.460591690763862444e-02
-2.748519447677712224e-02 -3.859689022169088962e-02 -1.690322864692338223e-02
-3.362896900951529294e-04 -6.987391574432880170e-02 -7.596253071066832833e-03
2.964979581255126548e-02 3.515757274828373857e-02 2.370802881211502618e-03
8.952242649851048506e-02 2.285028787689231608e-02 1.914974421176409997e-04
-1.422418796939532437e-01 1.082775789540532246e-01 -4.279804876790700013e-02
6.311975738168486283e-02 2.262445861343405709e-02 -5.552888150376399101e-02
1.421293024749276102e-01 1.067667094995307236e-01 -4.269931143629772385e-02
-3.824492528861927424e-03 4.595128265146062631e-03 -5.542789537922416382e-02
-1.723534037221171114e-02 2.864873421852865906e-02 2.919255168471874065e-02
2.834509599211566117e-02 2.053969118178795503e-02 3.490548545842998146e-02
9.479036319141756137e-03 -7.483888802127151851e-02 1.864565622998786212e-02
1.275182689355928468e-02 -4.145036836098846267e-02 4.724646005021879147e-02
3.985319768737937557e-02 3.866977618605318967e-02 -2.103650521182493308e-02
1.280624031423308051e-02 -1.794793444534552307e-02 -5.849776607702145137e-02
8.611658803868262047e-02 5.558757948952823547e-02 -3.104211557319083194e-03
1.300316016827333943e-01 7.442104844131457175e-02 -2.788397105097010012e-02
-3.682081102569678688e-02 5.307645723353885542e-02 2.138601553982218476e-02
1.104714886371418042e-01 4.819971272264602508e-02 -2.045416809150583937e-02
1.469970332058068152e-02 -4.290496747792094112e-02 -4.733280574434638177e-02
5.298847475340762864e-02 3.711697637550138984e-02 -1.354411439827286727e-02
9.965577702915019709e-02 8.764455890976503849e-02 -3.701666189362175924e-02
-1.666527883295273182e-01 1.192525281585716662e-01 -5.259775419817880326e-02
9.761961448577197165e-02 4.906215474252063197e-02 -5.217881300100860736e-02
1.508137508864050014e-01 8.246290927701427353e-02 -1.162892262429952341e-02
9.316752452001149376e-03 3.338204248810439784e-02 1.178123365196483320e-04
9.929958619179866941e-02 3.218853999681642319e-02 6.676681561596123186e-03
4.987304714544703310e-02 6.636108949089901399e-02 -4.595592875660704096e-02
6.171394983387316208e-02 5.073150127704421052e-03 4.793751719150560198e-02
-1.153220494443329969e-02 -7.015390604118086626e-02 2.382427902706280368e-02
3.668465533872714793e-03 3.791001189800376897e-02 1.348604843068304179e-02
-1.403860834529914794e-02 -5.830901966374642947e-02 9.483081043910716618e-04
1.365829457917677910e-02 -7.439770885798797917e-02 -4.667604519224742739e-03
-3.833692784420688476e-02 7.964233150062764765e-04 -5.651139670632969458e-02
9.428110606876300911e-03 -8.080898408507834751e-03 1.848563934458724578e-02
-9.907803242152650111e-03 -6.687318195389481412e-02 -3.080703694631097000e-02
2.133701846622554008e-02 5.788927699616309985e-02 -5.660716747860698728e-02
1.168144035995502018e-03 -4.756936524485973206e-02 -1.592866528805338133e-02
2.993908014584265032e-02 1.920974059968405881e-02 -4.857977231470577556e-02
-8.922924282030912646e-02 6.491059987026535916e-02 -5.999479347974513016e-02
-4.763368213568489051e-02 -4.326195234045524841e-03 1.365251954158974322e-03
1.093848656028570399e-01 4.079359875291605625e-02 -3.934476627755065237e-02
1.036379390204829609e-01 8.658055808642019235e-02 -6.126711314026236921e-02
-8.021575062018583557e-02 5.767398614396061773e-02 6.921623452460010442e-03
6.465655057772737302e-02 3.017449367569596808e-02 1.905152434022953445e-03
-3.964882458411142507e-02 2.042202489692077419e-02 -4.694762519475765422e-02
9.012675377662348816e-03 -6.027807004588190548e-02 6.993832287933111555e-04
-1.043343752924088055e-02 -1.048257718116568822e-02 -3.229063023957037121e-02
-2.902215362363758447e-02 -1.092761511013269800e-02 -5.570027502487692739e-02
4.917401944780114276e-02 -3.590301252074332844e-02 1.676826048623449375e-02
-5.434786305510022272e-03 -5.895177782829536667e-02 -4.272482377188639713e-02
2.004958483649533010e-02 -6.260411294528586690e-02 2.191050033749804976e-02
-7.036001008653584854e-02 1.481439780007105106e-02 4.852974166600089456e-02
6.261840065757509621e-02 8.885736679100973354e-03 -4.953566837720906058e-02
1.223410322025835911e-01 9.938151666272559970e-02 -1.572841339433384000e-02
9.044617042708258392e-03 4.486921214323804502e-02 -9.614043767959074005e-03
9.509815910345799372e-02 6.735343974074002593e-02 -5.543846853688109630e-03
-3.204936999705441936e-02 4.907654922525352126e-02 -3.081665936134111994e-02
1.730551001562114985e-02 2.058073750338344624e-04 -2.832044288239428387e-02
2.163142352955674252e-02 2.390676666557895597e-02 -3.467111348157860679e-02
3.619980921196945534e-02 4.950547998660198394e-03 5.840512009228949336e-02
9.429108139727878854e-03 2.413771234608613411e-02 1.193406881326606467e-02
3.417585740704943281e-02 1.587955927758741281e-02 -4.678939335816252425e-03
5.744167637166017887e-02 3.870959621435921677e-02 -4.581973255568771997e-02
4.514311865278081842e-02 5.158741669815922193e-02 -3.591539100079763069e-02
1.065403588076277025e-01 9.420465327038297920e-02 -4.868042665773711364e-02
1.010660298143968225e-02 -1.688718172908273280e-02 -4.943838242211963038e-03
2.799908669428041730e-02 3.948684190236880637e-02 -1.189345390168050805e-02
6.569664178403790411e-02 5.471769670744442565e-02 -6.196160335496668503e-02
1.287680908167585306e-02 3.556222913446453748e-02 2.548481132663235268e-02
1.735083109091199449e-01 9.889475997439296784e-02 -3.344971117566876428e-02
2.522620203262521815e-02 -6.289274334543772105e-02 -3.701985422065178031e-03
-1.283175793246481289e-01 4.619491392047290340e-02 2.280980139459778261e-02
1.076118683541834320e-01 7.525470413107183953e-02 -4.343697567984699387e-02
6.993110564597440626e-02 1.813798824856869760e-02 3.459337780036032817e-02
7.323189529951457111e-02 5.291887482931340037e-02 -3.155249609209976464e-02
1.654187788479972165e-01 9.399798239387506527e-02 -7.767142670234601642e-03
8.377753630293327536e-02 5.721676787515950907e-02 3.063554226827321439e-02
2.058047454258642855e-02 3.871067574442716569e-02 -3.680727407949005436e-02
-1.708380506838543672e-02 5.470554132503237937e-02 -1.219029951160588432e-02
-7.364569512091567738e-02 3.379857469821491173e-03 3.775591068524770250e-02
-1.507402813334059871e-02 -2.983544182114114887e-02 2.189574165123055888e-02
1.044468190477418901e-01 2.118630779182976639e-02 2.063525737625133277e-02
2.834935587581908015e-02 2.355184994480384944e-03 -7.513197588832877527e-03
6.213526335912587795e-02 -1.382724385436888588e-02 3.183863767119382571e-02
2.495697707870900978e-02 -3.185406738359996843e-03 1.301302104354240194e-02
1.330219611232124344e-01 5.150780036233681275e-02 -2.398332764548128521e-02
-1.134123326582313213e-01 2.599647137565849753e-02 9.001648822861734595e-03
3.774325450418277578e-02 -3.440572338095174501e-03 -5.528270855555635077e-02
1.202570413741587130e-01 5.930517052252461813e-02 -2.287404926651961934e-02
-1.525320596926562078e-01 6.793599743074618669e-02 -1.795651480178732384e-02
4.039620759464832705e-02 2.502018621987283503e-02 -1.481444478596445451e-02
-6.886754901564186293e-02 6.789919291255465394e-02 -3.504420681218452238e-02
5.670676049941369978e-03 -3.280804346411266698e-02 -5.618361643811841527e-02
6.151622361036514740e-03 -7.623785080184181107e-02 -2.244168581557060699e-02
8.386585189899169179e-02 6.712426638295321268e-02 -4.810090135194466932e-02
2.829504877448066336e-02 3.410487212040121119e-02 -4.914105681802103526e-02
9.978361068559554736e-02 1.680499103212055451e-02 -2.118490227431436487e-02
-1.056236905014693445e-01 5.488645860988943664e-02 9.755843996844312110e-03
-1.086501703822668474e-01 4.021768212404459170e-02 8.986049822564359801e-03
1.149673527918116250e-01 1.196364075995436510e-01 -5.412812904994469126e-02
3.344852672864235404e-02 -1.091480307484597734e-02 3.216364719600345659e-03
-9.700301327290205070e-03 3.803294753347576801e-02 -3.766649329601698404e-02
3.422056712441236964e-02 5.313583123849502377e-02 -1.215236100786635555e-02
-3.356764693067541133e-02 4.820836960507682289e-02 -1.076164321071704580e-02
1.586450824143157898e-02 7.387892446429619904e-03 -1.442647068875626409e-02
6.558654230803209750e-02 -1.298474471086930038e-02 -2.850620928414908731e-02
1.401849408424910570e-01 7.239447400459673998e-02 1.647750967273813733e-02
1.613912984115267388e-02 5.031611991493008425e-03 2.193854219105849726e-02
-6.357797322396753492e-02 5.640491584104010900e-03 -2.717723151349930519e-02
-1.176008591443085810e-01 6.140504929654866384e-02 3.509521327458501542e-03
8.535366399036108109e-02 9.214385107837683164e-02 -3.745355053138401530e-02
6.101850697038418980e-02 7.609460619988548530e-03 -2.065568965344962912e-02
-8.864056033229164577e-02 8.148013320173286278e-02 -2.354556337248971468e-02
-4.467936508992625434e-03 2.214724123299161018e-02 3.362310010242756247e-02
2.562295996683420021e-02 9.577204533159655933e-03 -3.655881217906376685e-02
7.829150383609269348e-02 1.342373563441944667e-02 1.792352211352304589e-02
3.597072082724911413e-02 6.098426432540416525e-02 -4.396082366007526138e-02
2.107142081370046161e-02 4.678623436233184107e-02 -2.410686058112261609e-02
8.608580151982353490e-02 1.139254120855108243e-01 -4.904036133370318767e-02
5.846607855380780289e-02 5.776852421372188212e-02 -3.287514718285965143e-02
4.221132859683509458e-02 4.884122700307494402e-02 -5.036627539987415664e-02
3.511601339066613287e-02 2.672094040442182447e-02 -2.874969955056753609e-02
5.908212151802786846e-03 3.230790970458452538e-02 -5.890604959560973020e-02
5.500671527063157734e-02 2.226993042754575255e-02 -1.283020279170346209e-02
-1.267425431702892159e-02 -4.635202075647560510e-02 -4.642558882901779566e-02
4.398146786106178763e-03 2.564370249894832102e-02 -1.227323415519162783e-02
1.065348939515589066e-01 5.963281927820092421e-02 -1.154131356974991314e-02
3.582430734780982229e-02 -5.241048978267815600e-02 -2.045361117262551980e-03
9.820066440658654916e-02 1.005571276152927712e-01 -6.105213411356964076e-02
7.601322973572187391e-02 2.278059544607109743e-02 -3.261673265343836142e-02
3.464865804277358907e-02 -3.260667029878993456e-02 1.500387127406917209e-02
-3.991964934689356398e-02 -4.088606241340079356e-02 -2.503771942707136086e-02
1.598278010317373266e-01 7.919896977811116678e-02 -2.514934922581839316e-02
1.492141576002521119e-01 6.212158186045783903e-02 1.028346597406463656e-02
4.624077057614751213e-02 -1.194676811560363427e-02 2.671969973202033277e-02
2.896791488278295176e-02 -5.816541419704927135e-02 1.011048138171272669e-02
4.263445654844830873e-02 -6.871825881626882418e-03 5.176371664689138896e-02
-7.416399241029113243e-02 8.471143277143378114e-02 -6.198151596619940612e-02
1.431096371589273518e-02 -5.321953279961345873e-02 -1.142380653022133895e-02
1.593529991178242455e-01 7.294613265673943747e-02 1.251045613833005714e-02
1.355539805655435470e-02 2.056091570997532064e-02 3.875534705714248074e-02
1.489825057117072082e-01 9.525064718059596258e-02 -4.945301745888569522e-02
-1.517211357153636642e-01 1.176151938932369495e-01 -5.750873528321413103e-02
1.843656947149383820e-03 -1.284178243883784230e-02 -4.863747112147781548e-02
9.376392871919388139e-02 6.219702291158234198e-02 -5.829090992185647496e-02
-6.892274584709616458e-02 3.286190641739610702e-02 -2.377485975481563596e-02
-8.281071818157362263e-02 1.515888516719754962e-02 4.018380289655350962e-02
1.064635474170913948e-01 7.688602121311513549e-02 -3.210454846914797145e-03
1.130769657229307003e-03 -1.124717121299548869e-03 -1.769963940479583886e-02
3.799108575026625967e-02 7.169495510383480825e-03 -4.469429900277391982e-02
1.622960244882718783e-01 9.909195434886726439e-02 -4.341153207046155593e-02
-1.788925610609663416e-02 -6.952392182745571747e-02 -8.233513531133579422e-03
7.688973869537815697e-02 3.877232951245728615e-02 2.469696351675341323e-02
1.108094890841633817e-01 9.659281881012975191e-02 -3.248443316023082172e-02
3.694180094581902413e-02 -2.939771829373628853e-02 4.120314755697733478e-02
4.886300209747707762e-02 6.914408057497170579e-02 -3.106194723763405774e-02
1.677312844399115113e-02 -4.276079865578988337e-02 2.398847897161150364e-02
3.650246959069894381e-02 3.524989014131878467e-03 6.201965620237197795e-03
3.613698335039182852e-04 5.848850485962584639e-02 -3.654519659784754432e-02
6.970800219783579443e-02 -1.854498065343018059e-02 1.838721150189615277e-03
9.482461260755276067e-02 1.895566734031205874e-02 3.196935212090812328e-02
2.362145730952062636e-02 7.134515989465128882e-02 -5.039439124310156337e-02
5.672045072950819555e-03 1.535607735624652803e-02 2.490951953678946507e-02
1.435217421545666129e-03 -1.950497448669738856e-02 -3.388649075575941166e-02
5.150704829460837214e-02 2.453159469573033477e-02 2.434205703184221317e-02
-1.480979644291312014e-01 6.557511523589339142e-02 2.199886998541864327e-02
3.760652062379052363e-02 -1.204309891867972465e-03 2.081962952283614859e-02
-3.479216895284422545e-02 7.824058168492363519e-02 -4.165905807783894244e-02
4.461427773249694757e-03 6.928771610027012473e-02 -2.696992706242272095e-02
-5.589165767975373678e-02 2.673750402258219527e-02 -2.802374787610974541e-02
1.435465249370334040e-01 7.898156533717591576e-02 -4.245724015918555388e-02
5.173915161827629533e-02 -1.336170238277514799e-02 -2.220724570014276020e-02
-1.599324630462109764e-01 7.317039934141236768e-02 1.131230585487111306e-02
4.129296378098541720e-02 -4.581270728146676768e-03 -1.271482055752263217e-02
6.107788473175779914e-02 7.020273281024067002e-02 -1.637017120107296230e-03
1.717488912197846773e-02 -3.753475539625059088e-02 -9.359141429782905086e-03
-1.099056252308171361e-01 5.133176949020627766e-02 -2.615756947151882603e-02
4.022170830173427136e-02 6.555131099516199600e-02 -1.864236256368671796e-02
1.677285398505286851e-01 1.031256838627783029e-01 -1.945674338358184541e-02
-2.494220595706700405e-02 6.490378350559286233e-03 3.976175069392927364e-02
4.869779179220572879e-02 3.130883313474962931e-02 -3.317004360856177364e-02
-3.365326870699846939e-03 1.132877000473979379e-02 -4.203568238979535354e-02
1.155775087346264662e-01 1.052487411084869484e-01 -4.376693701162583106e-02
-7.384124694408773781e-02 5.480952994429936359e-02 -6.093516698123799258e-02
1.308424576189968769e-01 1.002354211977294907e-01 -5.850535235694401953e-02
1.274534276109479392e-01 6.608650655579027811e-02 1.171013965175751390e-02
1.128494452334791037e-01 4.688566558458951566e-02 2.013522381540970574e-02
2.962791161449455923e-02 8.082850582976139342e-02 -4.044594932407562238e-02
8.021228047048085952e-02 5.091118101444599975e-02 1.653694419502641649e-02
-9.161937990015339706e-02 2.706275016558152072e-02 4.257727298961491713e-02
9.121916398462068254e-02 3.220615198123982521e-03 4.838929572020918106e-03
1.996531395108886928e-02 -2.400016664054045387e-02 -1.515381822620138173e-02
6.089923226814148750e-03 9.918102921110770812e-03 -3.048186827471554769e-02
1.017622590709000435e-01 1.388148608205652668e-02 5.922825589236922761e-03
-2.166864485697032883e-02 -5.400884412468395096e-02 3.215486396916274192e-02
7.976024812565943312e-02 8.333451351535990648e-02 -2.252953700588501348e-02
1.329275752272240929e-01 4.640868148203255300e-02 1.223483852477313429e-02
9.583645234920522282e-03 1.889378982376379093e-02 -4.205871712111646649e-02
2.838232271649331756e-02 -5.569272235750087618e-02 -1.909123551094741786e-02
1.168443754694251935e-01 5.045705745349619853e-02 -5.621119803346752777e-03
5.886140799200912516e-02 7.435970923688901835e-02 -1.640282119776991301e-02
4.783806172405059842e-02 1.680035764012228778e-03 -2.466610039829001885e-02
-1.693976827532824858e-01 8.395313165977688619e-02 1.567856026155638877e-02
-2.071682039163944000e-02 -7.342344677882898900e-03 4.368982824054840758e-02
-6.028933684589320163e-02 6.507534791377302119e-02 -6.231532028139864093e-02
-3.651878977254530839e-02 1.516689437857640654e-02 -1.650022172173424423e-02
-2.863497768800040560e-02 -5.931197766305935926e-02 -5.983821736485517816e-03
1.201076980104384406e-01 5.336211418716294008e-02 8.730859938160209777e-03
-7.230168204438276736e-02 2.538165416322357704e-02 -3.632858618254372618e-02
1.382479314525565384e-01 8.225341873612941612e-02 2.703279256338046114e-03
1.495225841052822968e-01 8.402111552966116947e-02 1.489762228347350954e-02
-1.508156051315717727e-01 8.938455958490781894e-02 -1.947757025542566980e-02
1.013570688303521844e-01 1.149733057268300662e-01 -5.837214622661142382e-02
-2.054597159084215266e-02 -6.247222251286839445e-02 -2.119476805995081439e-02
-2.084917636399488683e-02 -2.463193458587728795e-04 -2.889869490693308327e-02
8.092833836886092341e-03 -3.793982321197927193e-02 1.275408210300803258e-02
4.012715956406025936e-02 2.090927489246916654e-02 8.134732611484550915e-03
5.525681687553177929e-02 -7.791731932324926120e-03 4.372017879021464909e-02
6.388201471376883656e-02 1.109403730895628520e-02 2.213749168250735491e-02
2.226304291979138913e-02 6.063951435945976604e-02 -3.779613499172857632e-02
-7.948494481483514562e-02 4.344957341576050763e-02 -2.478953041298560117e-02
-6.068175233448126066e-02 3.949156857522913983e-02 -4.508230026483249497e-02
-6.930020842127297687e-02 -7.824217839758357967e-03 -3.044089469219976585e-02
7.070367935426342954e-02 1.696987183759746110e-02 4.953071959386010081e-02
6.593737686985556845e-02 -2.644060498653507535e-03 -3.936588639294379133e-02
1.372540417650525840e-02 4.509108150658095587e-02 -5.834024912079757708e-02
6.888757952602933728e-03 6.805439857180220833e-03 4.420811421902860923e-03
5.856873993576568876e-02 8.507714116378355118e-02 -3.604194256866227741e-02
-3.802185142898426018e-02 -2.792631225013542801e-02 -1.715263437564963980e-02
1.861943968850940032e-02 -6.888057464108671146e-02 8.358913904038155901e-03
4.897370655840021375e-02 3.257669285162526074e-02 4.881191703087940648e-02
-4.226913051696860185e-02 9.124034417942786246e-02 -4.132354026841539990e-02
-2.140018493545563574e-02 1.391446908506367708e-02 -2.399152934988907360e-02
-1.080714771136534608e-01 4.176120353996089912e-02 -1.458359200389060771e-02
-1.348267876528041510e-02 3.125203825049364253e-02 -2.483725014433175657e-02
3.872744613735706193e-02 -4.492031136452456601e-03 3.735343090060148918e-02
-6.924902133257387904e-02 5.166638381678759911e-02 -4.691015188570012845e-02
1.321021459427599611e-02 -5.251900475363110998e-02 1.316890911025000478e-02
4.309704999254622415e-02 -2.499373551366649432e-02 3.389942044664625469e-04
3.779849303975466035e-02 -2.434271031171433147e-02 2.711957575038481671e-02
-9.482188426165959194e-02 4.597300784581405397e-02 5.205861928565028857e-02
8.982631348983029229e-02 2.400821251487606639e-02 1.514535945087330283e-02
9.735729818938078373e-02 4.700069714622235467e-02 3.244261307424185087e-02
7.072960859194855898e-02 3.471518029583439691e-02 -4.000788100913979517e-02
-1.292799751368992889e-01 9.771147644489260042e-02 -5.825418949220465686e-02
7.990127478721058274e-02 -8.071919902317360035e-03 5.190096034967181873e-03
1.254661864423674798e-02 -2.059036015224374391e-02 2.614811604962997624e-02
-9.798367712372208632e-03 -7.855550828849949818e-02 5.654061237702104033e-04
-4.487319267944133577e-02 -1.065917786677991839e-03 -2.294432629243104912e-02
9.657860228880761622e-02 3.577088346534364888e-02 -4.531454327611404015e-02
-6.109903193100216928e-02 -2.923574458947484148e-03 4.300816045279198807e-02
2.154077314543555166e-02 -3.800053364647634074e-02 -2.369044791344238760e-02
3.909886968699294307e-02 1.238475223030519566e-02 -3.060050012722815779e-02
-2.907923720394188505e-02 5.909549325588470126e-02 -2.005139326085922033e-02
6.985718037664780111e-02 6.215561754205323718e-04 1.321493836334168732e-02
1.498925149784149577e-02 3.430556614078123651e-02 -1.843375371392082240e-02
-4.971569779379679532e-02 5.432694081694343369e-02 1.374166760047485815e-02
-3.041039674689653347e-02 2.039570285542971137e-02 -3.511741912366971030e-02
-4.784757842364569663e-02 -2.210135029891236239e-02 -3.807215784080441451e-02
-1.081968616566193475e-01 4.902157364100621223e-02 2.357770837735326253e-02
7.938426039505699222e-03 6.213963983804177138e-02 -4.928485398757270070e-02
-5.870584202847754091e-02 -2.849546602998778363e-02 -9.869746748372621239e-03
1.482645169635599114e-01 7.128319121368126288e-02 -3.048540086710987973e-02
-1.761194461457983307e-01 9.663224688199015255e-02 -2.710440138428002119e-02
1.085567422420131434e-01 5.699379486094204028e-02 -3.265064993670183102e-02
-8.737723361885411932e-02 9.625882850855953243e-02 -4.472198444475260909e-02
-8.862279587313146023e-02 4.577163841629647983e-02 3.840037062579240712e-02
1.413527600131495032e-01 5.321652011579017932e-02 1.129016615420321739e-03
1.142073753390795282e-01 3.227765375672409648e-02 2.320601230142511559e-02
-1.300566719594162257e-01 6.902786963280532762e-02 -1.574217260151734160e-02
7.529693055394778844e-02 2.774918291886882202e-02 1.465220160784663772e-02
1.943281611382713034e-02 -5.090470214921927194e-02 3.771698618185102825e-02
3.001732456118601233e-02 -1.836261312135985257e-02 1.578090997715142149e-02
9.924792114135987109e-02 6.195420034836400525e-02 -4.407573002316677452e-02
3.445075090479780833e-02 1.038839833231767519e-02 -6.006562976573064788e-02
1.844514479384258207e-02 4.512400689642829393e-02 2.067386769499447285e-03
-1.367251518323736870e-01 5.761909704418499006e-02 2.768835049845248461e-02
1.017793874065020879e-02 -2.743104070601465761e-03 3.329024992731431654e-02
1.388466911477986322e-02 1.990303218674266753e-02 -2.245786223637152509e-02
1.071485030528882432e-03 -3.822258732320536756e-02 2.598925993885732588e-02
4.685937414587498101e-02 6.486788777226272333e-03 4.645426502251615714e-02
-3.874022813810350935e-02 2.744477759868799854e-02 -2.482650521901900997e-02
6.900103755082788448e-02 -1.609501489615474887e-02 1.672049345262801787e-02
