8.235306397620829888e-02 4.501978192304459045e-03 -2.944321787928458334e-02
-8.915264209169561360e-02 1.088187901225978610e-01 -6.080205425835122357e-02
2.040415817076506044e-02 -6.759248277389501292e-02 -5.522029245445031834e-03
-6.847228774301374055e-02 3.034202070627131653e-02 -2.250534145904423133e-02
1.793568389491129612e-04 -6.098026823825451748e-02 2.047920538583521480e-02
-1.582644568163574586e-02 -2.588295881620089264e-02 -2.353152584915279427e-02
-2.888487669712445569e-02 3.658239033167919735e-02 2.985981121330045021e-02
-8.811709028240841124e-02 8.462740680284304429e-02 -6.241186872184820156e-02
-1.031345653559259529e-01 3.598860584524905121e-02 -8.868790899343744968e-03
-3.417394516956503286e-02 -4.107503100588809353e-02 3.266505367575431307e-02
-5.495824420352383305e-02 2.762527129083979655e-02 3.678893449349772415e-02
-1.429674840671412150e-01 5.823315201911918176e-02 1.769660118348959782e-02
-1.320843881363261973e-01 9.255433095902189378e-02 -3.921574498900254335e-02
-6.115975187938810925e-02 1.398044432169992003e-02 3.627247862402334377e-02
4.771922813511413064e-02 8.141371312121193152e-03 -3.919313528358783771e-02
2.812651237638413154e-02 5.006654862966398306e-02 -1.084180772813061935e-03
-3.087805830262686443e-02 -4.549151713057866808e-02 -3.133615076468428129e-02
-1.436803336917795090e-02 -3.563351630780727669e-02 3.437314796494805869e-02
1.543552951647278459e-01 8.503029744523935007e-02 -4.363080145471316500e-03
-5.345705232602143697e-02 1.551603951928718066e-03 5.049720912968707481e-02
2.861697718806082216e-02 1.350079129866465361e-02 -4.778586180467172401e-02
-1.028298921917747549e-01 6.131719744788514947e-02 2.766073243305830834e-02
3.305500883307530002e-02 7.769488883626235465e-02 -5.323924290053828889e-02
-7.062936732944763429e-02 1.384853520273026176e-02 -4.784890540988561564e-02
2.177842416040956519e-02 1.371083940138696430e-02 -2.646187214654780254e-02
5.372677395206804790e-02 -2.347229952461826752e-02 -3.036724343957350122e-02
-7.785973583058938829e-02 7.305965904709448011e-02 -2.129614282772620756e-02
-8.281640172386803278e-02 1.408019133076021147e-02 -4.469584577618204539e-03
-1.117597252051075046e-01 1.193186069605858685e-01 -6.219239935423070270e-02
-1.321251566423226227e-02 6.234897707205132311e-02 -5.142779744874754339e-02
-1.371181527847243481e-02 -3.825326044619997701e-02 4.616375610906088556e-03
-2.090937855686045288e-02 -1.469106873993471750e-02 2.328060995797650787e-03
4.711448108872528379e-02 -1.575363887059870460e-02 -1.935065773068738934e-02
-2.968973742156817350e-02 1.835586128847467233e-02 -1.797183758576394522e-02
-1.132088812072130045e-02 -5.179279985704611858e-03 -4.867107037903779798e-02
-1.930520028325249590e-02 4.477068490495048070e-03 -1.764587249126858479e-02
2.826237616909613171e-02 -5.096087262476212132e-02 -2.757631067981118969e-02
-5.499864558059038011e-02 8.116561789964012175e-02 -5.829733340579188600e-02
1.990125607945773811e-02 3.511788175208855299e-03 -6.138704621410300682e-02
4.415428243057598241e-03 1.631802587892487374e-02 -4.882330622336858439e-02
1.215961052747373122e-01 1.083986181125049936e-01 -6.174023724826423198e-02
-2.350483690451149812e-02 6.185611816316451822e-02 -3.074792785376923715e-02
-3.382060624813297556e-02 -3.337018022501830189e-02 -4.053502932130002151e-02
2.962082490897670686e-02 1.371325430004773777e-02 2.868418462547812214e-02
-3.284963613931900228e-02 2.212938588975355697e-02 6.198863316203006429e-02
-1.104681964981783261e-02 -5.874530725405253256e-02 3.823743101444018050e-02
1.390768085559700162e-01 8.707846258277569806e-02 -5.041645693841894510e-02
-5.620935754614286850e-02 5.557185330275946078e-02 -2.059104245700314403e-02
-8.839648534116031908e-02 3.735629751311501240e-02 -5.913039287223057980e-03
-8.142316420622522366e-02 1.242967098250766407e-02 1.066101335128332925e-02
-1.542434470850101991e-01 9.365596266868415898e-02 -2.228203529378930403e-02
-1.116206243178976265e-01 2.737887728317805677e-02 1.869180638541799444e-02
-4.218071036337375096e-02 -9.891977512405728673e-03 -9.567770924472024721e-03
1.674786655180481726e-02 -2.283882934702086143e-02 -4.140386753141735154e-02
-8.258776472727188955e-02 1.343596676411243362e-02 -3.881743195516874217e-02
-1.494486168057567455e-01 7.177846130249172785e-02 -2.909934108568476563e-02
-2.889190927384812160e-02 3.368713792672735352e-02 -3.110941074686897345e-02
-3.252793046249864706e-02 -5.051879370012000298e-02 2.113039673351824188e-02
-1.076067946890590099e-01 3.273669408631651317e-02 3.315648775738177373e-02
-2.544632441527468550e-02 5.450178574036079748e-02 -9.119858258280662267e-03
-7.574172911480184234e-02 2.115177104236773409e-02 4.904867157754898288e-02
-5.045416066928138515e-02 2.951402615992099188e-02 -6.061146797355875665e-02
1.323323188666993833e-01 7.392726768166185680e-02 4.456017216838170647e-02
-4.757132038444871619e-02 1.026508113044597229e-02 -2.296050126798003868e-02
-1.054558313278835396e-02 -4.682043345069036161e-02 4.748142208099385281e-02
-4.583875698303262886e-02 -1.144371699148425542e-02 -4.755789545293543502e-02
-1.845014483008540138e-02 1.246497440764538292e-02 -6.228575481629722993e-02
4.069105835544337135e-02 -2.795955465323541125e-02 -1.319822849173126790e-02
1.105666509693793154e-01 5.530540442094129816e-02 3.316696411474782252e-02
1.036374633550481011e-01 5.290220952715140451e-02 -1.528732930031047495e-02
-2.108006855499900550e-02 -5.846473849109496551e-02 2.709145026380400251e-02
-1.096824046055780433e-01 4.112802559567246136e-02 1.299296404194680808e-02
-4.084485549852875236e-02 3.597059905706670446e-02 2.749781259829075543e-03
-2.677542548358346000e-02 -7.017420337875015688e-05 -2.983655357530002467e-02
-7.196161624813793289e-02 2.405854370646538093e-02 1.087278675812999515e-02
3.571274700990474671e-02 4.558321513599323388e-02 -6.206784599952106657e-02
3.032401438883335770e-02 8.109786675377878007e-02 -3.863446753665548267e-02
9.970782112287999988e-02 1.811007602402311956e-02 -2.385951135350177985e-02
-3.805584569430706110e-02 -4.999818559447870292e-02 -4.616426533042205724e-03
-7.047144711692661379e-02 1.643287209719707532e-03 -3.913599964303661471e-02
-2.673546839183844545e-02 5.250244998767186061e-02 5.707388171837949123e-03
-3.009370700716738033e-03 -3.558617839328551830e-02 -5.530170047686063482e-03
-7.060269418980020910e-03 6.331126781788998237e-02 -2.999286257234811542e-02
-1.551837286704653429e-01 8.725275916195064652e-02 1.068795264310803267e-02
-6.301281216640153282e-02 1.181742156067540177e-02 -3.250713706921045699e-03
-8.833856259909857178e-02 4.092221593456459722e-02 3.782413238588348825e-02
-5.078184632292095761e-03 -1.507637520204233679e-03 -1.555195874753419194e-02
1.065814657661877385e-01 4.788568203538236256e-02 1.809752301766389196e-02
-7.194950450955128751e-02 5.060608516502121401e-02 -6.053018179029607398e-02
-1.170224744198425024e-02 2.504388031524355795e-02 2.740785686344127114e-02
-3.727178992328637058e-02 2.925443040463758873e-02 -5.128703413850601439e-02
-9.398317973796666003e-02 7.098358274110731780e-02 -6.022569449460011409e-02
-1.380915424637993993e-01 6.255188765824024055e-02 -3.239395208183804692e-02
-3.172288200563058713e-02 -1.053314439192577778e-02 -2.029804824739321265e-02
-6.355535249562456468e-02 1.263086529264340237e-02 5.101183022264573624e-02
-8.690100326385287455e-02 -2.551252110180245408e-04 -1.016161843396575469e-02
-4.728272762247785754e-02 -4.133547173162431011e-03 9.748200935205626749e-03
-1.465446325088177737e-01 8.213652617699743197e-02 -1.653586999290390658e-02
6.699858992203645142e-03 -9.066877827154028527e-03 -2.096946582263385650e-02
-1.952205800908641403e-02 -6.738203351500511584e-02 1.124072214945840732e-02
-1.750973452145078782e-02 -1.116557381389174548e-02 -2.585286030735316903e-02
-6.610037245264600327e-03 3.038766416656807010e-02 -1.098621982408272066e-02
-9.899880868458356409e-02 1.262022026408815903e-02 1.283553074202738696e-02
-2.929298841237018905e-02 -5.882741159017439853e-02 3.750713945594181652e-03
-1.037877106087576468e-01 8.055774683816371851e-02 -1.644028020459824962e-02
8.196621606593916531e-02 3.538531680605162127e-02 -1.512720089738293396e-02
-1.136161989003453832e-01 4.357613604749691755e-02 -1.289820687252876035e-03
6.515135916373096525e-02 6.393095056497406781e-02 -6.247502517960711044e-02
-2.413303608617841777e-03 -1.527037399779727911e-02 3.171967890766221043e-02
8.559889948969898188e-02 7.692491608870058450e-02 -3.429998979383468150e-02
-4.549530195260228366e-02 -2.473237462245035309e-02 -3.416193162035035657e-03
-1.271732848308861630e-01 7.538092972863674746e-02 3.266036657938100468e-02
-8.062542688362203669e-02 2.806289830502066429e-02 3.665343541223622242e-02
-6.737791837532740302e-02 1.058219547822262553e-02 1.557028113063906385e-02
-2.982649187833342694e-02 -3.124196963054584608e-02 -2.372581076859455254e-02
-4.217998878858195133e-03 1.118251638987727802e-02 -2.348938063845613586e-02
-3.584614306712116671e-02 1.163003973309235939e-02 -3.220757583539166080e-02
-2.923900439047015173e-02 -1.229683783327369280e-02 3.985146000909298852e-02
-5.701211505363263515e-02 -1.488952426137274583e-02 3.620476201090994106e-02
-8.898192837423428425e-02 6.493944891484620258e-03 2.216607076375325114e-02
-6.885348392728309064e-02 3.835624880755959115e-02 -3.517521212481241472e-02
-1.541452898637402959e-02 -5.094484105902104959e-02 -1.368867995830750847e-02
-3.850426967888305463e-02 -1.484878584456917347e-03 -3.908076198857469985e-02
-9.015860186199309984e-03 4.137037811336831405e-02 -2.958457665487231394e-02
-5.666185883639662108e-02 -1.422334882058232455e-02 -3.717585780196393935e-02
-1.316649760624628018e-01 4.956887353766171317e-02 2.285167268199364207e-02
1.159400603126001933e-01 4.212067656420365180e-02 2.837381976507590345e-02
-2.860798020446319104e-02 6.811911006770134114e-02 -5.582374080453741949e-02
-2.548498617113059347e-02 2.227680018561105715e-02 3.259911835011673059e-02
-1.033842063426297364e-01 7.702133375212114053e-02 2.718305729571119950e-03
-1.599857224827662128e-01 7.609967574229806186e-02 -1.933850209267122186e-02
1.012324379718067685e-01 5.603130032924362458e-02 -3.679019758996788375e-02
-1.702194014527699251e-01 8.317463678234916780e-02 1.035518357881606150e-02
2.402594643257148152e-03 2.969480138191377475e-02 -5.896942177298205440e-02
-5.882802078300247706e-03 -6.441397984883072414e-02 -7.939523946580318015e-03
-6.270301522894897173e-02 -2.202781054583876144e-02 1.767642181234223980e-02
2.782305699500182625e-02 -5.668533071436515636e-02 1.826230818029467642e-02
2.920797675418402455e-04 1.600094218376897984e-03 -4.079011335047404846e-02
-2.325397231218750624e-02 -3.576281349774248358e-02 4.644363203882072300e-02
-4.454149570684298731e-02 -3.789412702186095022e-02 2.230564258307227155e-02
-6.853018348499788359e-02 4.254598572365123760e-02 1.503377270492416498e-02
8.784677409621786948e-02 1.043784854843164966e-01 -5.995104301283564474e-02
1.096432964145676175e-01 9.934687466089422991e-02 -6.195413566671789662e-02
-3.397196193319043656e-02 2.238374972500331572e-03 7.068980403564121238e-03
1.660911758869004036e-03 -1.607347475315345359e-02 1.730354575549866714e-02
-9.455963685429356891e-03 -2.756781330384208001e-02 -5.667284802032807739e-02
-1.392247101924307613e-06 -8.726617344120447817e-02 -9.418894439608525501e-03
-1.450130049577830205e-01 9.755695849032523792e-02 -5.256337064464818715e-02
1.360395629002524032e-02 -3.733962968541366251e-02 3.470583591420238478e-02
1.036170321793013632e-01 6.763407854405434350e-02 -2.758930927956067605e-02
1.256072926966714329e-03 -3.803914378343117159e-02 -5.590710821121858826e-02
-8.802180835291627259e-03 1.783733055330191664e-02 -3.688636698066587172e-02
-1.139295976442279007e-01 9.140618345495327146e-02 -1.853170127204028031e-02
-1.341374900752232147e-01 8.439992695335857276e-02 -5.163779936009933735e-02
2.728982469411653580e-02 -4.176467031023662485e-02 3.893454893891987872e-02
3.225189312342383041e-02 -1.763526750188285433e-02 -2.005019325377965442e-02
-5.450753392719425577e-02 7.045809597843213923e-02 -1.176851807939409411e-02
-4.507898206840549316e-02 4.089438938027299859e-03 2.209718560470436133e-02
-8.721732660387881975e-02 2.272765279565217011e-02 1.989855334538272874e-02
3.691750151207483926e-02 -1.757982177787546091e-02 -4.913792284508163716e-02
-3.372510182952494912e-02 1.518006357424164614e-02 -4.746482142410592131e-02
-7.984510475962651455e-02 9.705819121395674320e-02 -6.099447277418616059e-02
8.482714794697257532e-02 2.524333586283642600e-02 -4.609947124892490450e-02
-8.567352627693395825e-03 -6.587235161328169886e-02 -3.361309093387718216e-02
-2.908684680162694318e-03 -4.392177363986543570e-02 -1.798843288829633791e-02
-4.566882483754711175e-02 6.051516020354056474e-02 -3.084469477696149750e-02
-1.450461875855941531e-02 -2.083945002635400473e-02 2.068472298384427602e-02
-1.375517801535258234e-03 4.173092087618382462e-02 -2.226935315921647115e-03
3.331776206150457997e-02 1.139440929014129411e-02 6.044605629497825511e-02
-5.074783008991920474e-02 1.740528246635751966e-02 2.603391126179331258e-02
-4.279443554029292024e-02 -1.087898366936354555e-02 3.360857644695485619e-02
1.943808730989939060e-02 -6.733182858610632648e-02 1.182757185520555768e-02
-1.337524324989878832e-01 7.943051771195276667e-02 2.669197289670949443e-03
-1.487519129062072065e-01 6.074325011358178844e-02 4.087270747795470997e-03
-1.209134841175457109e-01 5.427282948554185832e-02 -8.855705309423960586e-03
9.820125797636032605e-03 -2.807665167002644513e-02 5.638329179413893721e-02
-2.300872742336398241e-02 4.685760883191574314e-03 -4.733327640395336433e-02
1.219766908663205279e-01 6.670220742854504614e-02 -3.076757182056246570e-02
-1.018350760345216183e-01 5.569079453501998150e-02 -3.009531540850389833e-02
1.329545370524352621e-01 6.630761370746213190e-02 -4.098022251228253948e-02
-9.819007019719173945e-02 8.841505301015478713e-02 -3.128856590309861407e-02
-1.397012805351132148e-01 1.101163562994902367e-01 -5.881044596919588613e-02
-1.647598664021448014e-02 -4.568560861875052385e-03 4.137413131641422964e-02
6.102979823236933526e-02 6.843196776852868146e-02 -3.285952751929211574e-02
-1.047695535987457627e-01 9.168285854140519053e-02 -4.724848704420116230e-02
8.572661380797952368e-02 -1.401991969591069327e-03 1.032066739041564638e-02
-6.047487515713775331e-03 -2.637851990955549647e-02 9.610484403843202669e-03
2.624625652718100624e-02 1.713057055994618091e-02 -6.214030705659047416e-02
1.092512516722970867e-01 2.305315252543782903e-02 -1.340013428638615021e-02
1.655789198890559449e-02 4.483712352287103770e-02 -2.580505373885549902e-02
-8.656056262379194233e-02 -1.212149307409306166e-03 7.137106025504750921e-03
-4.425692491288444469e-02 -1.369604153664473641e-02 -2.791107799321795174e-02
7.032981513384382877e-02 2.175772526116769023e-02 1.389148726181279637e-02
-1.065222547740447660e-02 -5.398936220066601066e-02 -4.251808799714100473e-02
-1.351484422946885311e-01 7.549560816490138992e-02 -2.540935997746562869e-02
-8.266207639485568040e-03 4.015655907846805983e-02 -5.768027136951869860e-02
-5.880656337804126416e-02 4.470916515121742957e-02 4.949454539388930922e-05
-8.076693788359801118e-02 2.489197485398592785e-02 -4.833687840567722077e-02
1.081881094987880432e-01 8.743955302051217848e-02 -4.370894324293488065e-02
-6.087745568765066950e-02 5.866853874988777612e-02 -5.030766868375196287e-03
1.251687637751291160e-01 8.010295078465191898e-02 -3.668425811004196596e-02
-9.334797509187871267e-03 3.673727646817344372e-02 1.223306098674411570e-02
-1.214113983548717815e-02 -4.098982621807410742e-02 -4.984723383704173227e-02
-1.006354059510363996e-01 2.046642297587637771e-02 2.620758369205652624e-02
-1.373179113285265783e-02 4.385674353442112899e-02 -1.045008451943763364e-02
3.153093049371290257e-02 -2.161922982984954694e-02 2.898881402101524240e-03
-1.026462129388206190e-01 4.536257485745331247e-02 -4.753871431349012550e-02
-1.383294770561400468e-02 5.092523862037019039e-02 1.409800647740299014e-02
8.108372744623323913e-03 -4.867505379609315952e-02 -4.785286813622277591e-02
-9.155712142864673095e-03 -4.890906745009483692e-02 2.707243790524451257e-02
2.954205476524119148e-02 -7.030032053708760824e-03 -5.682898739683630435e-02
1.546598980318205641e-01 1.039214475227735468e-01 -5.109310777569998907e-02
2.108888426217006302e-03 5.149729201439649101e-02 -2.895350430695040403e-02
-1.340983044054393225e-01 5.146641415229518540e-02 -2.181079079041597923e-02
-6.821942545894700560e-02 -1.150581157422974482e-02 2.682970601807288177e-02
4.956798817908054239e-02 2.499517634182235951e-02 3.392946668807361732e-02
-1.266575873290712029e-01 3.897148138901659203e-02 7.635041710117031546e-03
-4.370551726494577988e-02 -4.172540985353592746e-02 -1.576780457524349505e-02
-4.143641832984823470e-02 -4.575230733075669881e-02 9.913241955619872883e-03
-1.049797312767207919e-01 1.099636173090168950e-01 -4.558031045226627193e-02
-1.308804936143279640e-01 9.768210419634501540e-02 -5.777379492931904170e-02
1.301451866580848327e-01 9.683834984741646057e-02 -5.747528546688907003e-02
8.872677335922252162e-02 8.960676963621595770e-02 -6.240270662991500433e-02
1.421011303041809504e-02 6.409365176356496448e-03 1.357183516119575203e-02
1.334291281913845273e-01 8.618908243999273688e-02 1.499812238471456317e-02
-1.221574687019559916e-02 2.296153216975539528e-03 -3.254228870761844555e-02
-4.446733104256166136e-02 4.679795019800985639e-02 -2.444111394639758919e-02
-3.712549638788234518e-02 -8.758486193064858594e-03 1.975309477420435222e-02
7.616971352186169275e-02 7.410605417379602378e-02 -6.245706528851110995e-02
-5.252411344222351203e-02 5.785453030470683738e-02 -6.229856639919920114e-02
4.916086353712837559e-02 -2.698520112978134225e-02 3.162242533093331115e-02
9.773338419301962066e-02 6.205976773900866161e-02 -5.711596973877624411e-02
7.027172694070817072e-02 3.120647359004145253e-04 -3.805111751343057125e-02
-6.663216863891241459e-02 3.434897951775983671e-02 4.408750692019981071e-02
-3.037086982178009709e-02 2.156625403625929069e-02 -6.215839115417451377e-02
-2.302958985001137687e-02 2.343842414105331076e-02 -4.095440547202559844e-02
-1.075892924998286260e-01 7.851509163464634455e-02 -5.897076453236423793e-02
-2.201466821463445717e-02 -4.811426035925153721e-02 3.790640615174497435e-02
8.262179406358953135e-03 -7.691046874970937364e-02 -1.645175681157233852e-02
-1.740870679346623665e-02 -8.852296536163963003e-03 -1.103632620462968034e-02
-1.999080988943258835e-02 -6.812660468032304129e-02 -3.733760191716660806e-03
-6.377843748984736438e-02 2.446572082178307198e-02 -5.592858280976974183e-02
-2.926456711472598740e-02 1.275379428595376473e-02 5.085643238430546248e-02
-4.861618844531169492e-02 -3.964038083097309872e-02 -1.750424652565921863e-03
-1.104163340998995033e-02 -6.950430110693427144e-02 2.558784625418126721e-02
-6.374558464002062774e-02 3.056588927366845482e-02 1.505832521383740949e-04
-7.392301651730870393e-02 4.374354914248341358e-02 3.483287947440685123e-02
-2.816774907253717306e-02 -5.859196129025850269e-02 -1.191440368260761849e-02
-5.428583872850084591e-02 3.804189572133555297e-02 -3.162139753975196088e-02
-3.847701642056246957e-02 3.704786247433510676e-02 -1.468927332273597779e-02
-5.328089415395043061e-04 -7.802491334372760323e-02 -2.855153286155345457e-02
-3.758101550337623192e-02 5.721700514598491299e-02 -6.088482509588266645e-02
-5.419971085262486471e-02 -3.288492656140416109e-02 1.041893981374505777e-02
5.530688521536358815e-02 -2.974003909785049790e-02 -1.681858301970180422e-02
-8.298902434558809438e-02 7.559724805281514692e-02 -4.886395903969246307e-02
-6.810080403216985101e-02 7.748148635524110261e-02 -4.974360099854790995e-02
-7.625286946935076748e-02 -9.881441534250957198e-03 1.374010136977381856e-02
2.451308183785888897e-02 -3.075127190195599616e-02 4.872933367778079644e-02
-4.867383854662681031e-02 1.505700597786454632e-02 4.605719949360511517e-02
1.934189831816127830e-02 -1.445090442440621729e-02 -2.698029324670833673e-02
2.295644943313296729e-02 6.911237324658812183e-04 2.530275146664397526e-02
8.145334092735871667e-02 4.461752380284649683e-02 -2.693422148497855509e-02
-1.650632881818132891e-02 -3.865761405950796526e-04 1.310555767616238725e-03
-5.786257029452311629e-02 6.880358098330564831e-02 -2.745950855640300406e-02
4.423278565812079066e-02 -4.808227237389261881e-03 -5.198087754516521330e-02
-2.625421863760457001e-03 2.894775605613121930e-02 -4.484689995664025569e-02
1.015544083192424368e-01 4.926484883607350901e-02 -5.029581435271515688e-02
-6.566755578574134944e-02 -1.516303122816251882e-02 -2.518948390223353304e-02
9.855461423330655335e-02 8.628809283015234644e-02 -1.350281718353536949e-02
4.778345058538132489e-02 1.645566547299325694e-02 5.838074403380116850e-02
4.832046838596389116e-02 1.478130442103737022e-02 -2.329573400289833285e-02
-5.716832008167385681e-02 2.290814866156180851e-02 1.364970119404730967e-02
-5.471369008097497211e-02 7.396058653046870546e-02 -4.384359471354484089e-02
-3.162594466500365242e-02 -2.019424635144895577e-02 -3.371035013026951049e-02
-7.149031999588205399e-02 2.180006021763268229e-02 -1.055469500958551056e-02
-2.938960828981645318e-02 -8.575411752911403160e-03 5.636455751937489295e-02
-1.149695636391746822e-01 5.287591675522047147e-02 2.067304830406938368e-02
-5.458748542968080292e-02 -3.177779627480398217e-02 -1.304302620601391176e-02
-4.142332737119867186e-02 7.071084768286747639e-03 5.755135167296166615e-02
-7.677728434670777480e-02 -7.598038199944028015e-03 -1.846154965134231066e-02
2.782609185325419197e-03 -5.488078562631502899e-02 3.391451129778225854e-02
-7.240182205811473981e-02 2.548846703276227629e-03 3.885624347241236048e-03
-1.455790556055653467e-02 -1.876768683103368154e-02 -4.323878649414389375e-02
-8.544529248357291690e-03 -7.681526742172528621e-02 -1.593624079200964619e-02
3.930643804434725413e-02 -4.731482881230607285e-02 1.224787039231088788e-02
5.541230473461927070e-02 5.506995582469936812e-02 -3.671358364779401390e-02
-1.541816635718166462e-01 6.672005077306523979e-02 -8.552975565832539664e-03
-1.235776979544571247e-01 4.078448511380652897e-02 -2.151840546480783198e-02
-1.156885935685114525e-01 9.406938823202286304e-02 -3.377718607399088357e-02
3.117735307122537075e-02 3.129263190933522648e-02 -6.246898634249475890e-02
-2.758107613122427401e-02 -4.394720941854705215e-02 4.482078556506502789e-03
3.172018673079936985e-02 9.118146880606631602e-03 -1.502261695590343012e-02
-6.419184315084665304e-02 -2.575528971683111682e-03 4.087169646622627189e-02
-6.425334824577372261e-02 2.493469666560490725e-02 -4.001825302055755235e-02
-6.140352747502960534e-02 1.337888290083869697e-02 -1.807962520754637092e-02
5.374160398393004745e-02 3.722448224250552579e-02 -3.115070549901961371e-04
-5.593771768344454887e-02 2.374305773363773533e-02 -2.743757666116247371e-02
-1.012417261310135513e-01 3.142264214867686312e-02 5.290014900203750085e-03
2.893177380959542980e-02 -5.920239683877660114e-02 3.520510915792336194e-03
-9.135831008434676381e-02 3.551967571455382638e-02 -4.834831840909920714e-02
-2.726674939541249079e-02 5.603229453026233042e-02 -4.704340233340859045e-02
-6.347265114637837269e-02 4.843255300552987835e-02 -4.835029491698993043e-02
-7.394233027702896976e-02 6.365987629833999226e-03 -1.378231662073002746e-02
-1.781886556293255097e-02 -6.578016770403409541e-02 -2.004637614284053571e-02
6.424143812370491924e-02 1.029362943713273831e-02 -4.941999981895288385e-02
3.576710387061847289e-03 -4.235800952011801318e-02 2.230672685308985811e-02
1.118800142382543883e-01 3.131955252651680982e-02 -2.563226844280146188e-02
7.230979486495879571e-02 7.892998126752986954e-02 -2.334183402031754766e-03
-2.347677346776165519e-02 2.394925616430266732e-02 1.775851901339103867e-02
1.200428546921746692e-01 3.274786411884903631e-02 -9.592541195296304737e-03
-1.092580099494313423e-01 2.294467177364924518e-02 -1.302117593449177504e-02
-6.213073036722123466e-02 -5.375961253322673883e-03 1.146260041797446221e-02
-6.670951290860101246e-02 1.010697451225385929e-01 -5.496509701011079163e-02
2.773839577223164571e-02 -2.595202880362216039e-02 -3.168636651868108473e-02
1.475918639024323409e-01 8.678082944456157188e-02 -2.892950992590498371e-02
-1.112307002167886166e-01 6.515074712135858481e-02 -5.322185599168087478e-02
1.329647574036906255e-01 9.009573886290880851e-02 -2.866161118123590826e-02
5.744195520249396891e-02 3.751439036201040245e-02 3.634976129655355381e-02
9.510000161921153272e-02 5.178867071299298602e-02 2.819122790540342510e-02
-1.416744650588552257e-01 8.126636203265799607e-02 2.411556116448432957e-02
-1.547033374790975635e-01 1.089807604557473247e-01 -5.333143294874605200e-02
-2.730846751057160529e-02 4.485114880970491463e-02 -2.096079544331223496e-02
-1.542681525197215492e-02 2.789721560188286598e-02 -2.792227185166159045e-02
-3.327703367656192207e-02 5.094869039123703760e-04 3.089193702691585622e-02
-1.598070291172855595e-01 9.497541330199524290e-02 -4.229507506697052083e-02
8.741656203491025845e-02 4.610970289831676366e-02 -5.518738687485331973e-02
-9.690564451490682463e-02 6.972524869606006037e-02 -8.682438440551601064e-03
-5.709474667461331143e-02 2.612032119714016026e-02 5.222819482132817076e-02
-9.579056472710378856e-02 7.469840703479178716e-03 -8.803724794895633225e-04
-4.687011483249547972e-02 4.396574967347168655e-02 -6.241361668404773327e-02
-1.679750161146082582e-02 -3.606209915873705846e-02 -1.245348848149911702e-02
1.314175811158837734e-02 3.694297751918792887e-03 4.823664462319765533e-02
1.159797575627019225e-02 -7.846737480262403960e-03 -3.799483009765235175e-02
4.155096423505689335e-02 2.054607521229406472e-02 -4.496516808835987478e-02
-1.428871280183777737e-01 8.745160908479031325e-02 -3.008281915203614779e-02
8.925013074036028393e-02 6.049090173582623298e-02 -3.820716589736439304e-04
-8.215204222973510051e-02 6.099651938326971362e-02 -4.553588739141566089e-02
-2.304082688111073161e-03 -2.738451088697464036e-02 -4.349422047769670868e-02
-1.268850822131643852e-01 8.801315243167391611e-02 -2.527961881599175009e-02
-1.248577613275209386e-01 6.382868426410122364e-02 2.336150000502752733e-02
1.406567831665995680e-03 1.283078652518704517e-02 9.092440201187020413e-03
6.926268743330163402e-02 1.025969499370528032e-01 -5.702969173685903254e-02
-1.307360868388933450e-01 4.301965924096060739e-02 -7.271229906717602623e-03
9.468303556820037437e-02 8.377906483060837406e-02 -4.911268161201506888e-02
6.238380683955654232e-02 -1.177096589826132772e-02 -3.397087855013853491e-02
-7.155202400170940225e-02 3.919169797096178076e-02 -9.356878528452742400e-03
-3.189464767217342622e-02 4.337509513234074493e-02 -6.189904392661984417e-02
-6.346857074248908603e-02 -4.783342826623465313e-03 -6.076998070675460398e-03
-5.927709275233098221e-03 1.511938086632435597e-03 -6.234123128243788947e-02
9.228544822697908045e-03 1.457478450570772258e-02 -1.778603942498328816e-02
4.400026351371623401e-02 5.118737402612567183e-02 -2.541356178549671399e-02
1.753046931580128642e-01 9.615302576120389466e-02 -2.755129372315989408e-02
1.132457313631648893e-01 6.322248824474215045e-02 1.725000575628736835e-02
-2.582724248803284703e-02 -8.989713938063782772e-03 -4.185529241884811125e-02
3.371626169891715069e-02 -3.925078562526971432e-02 -3.519089963616574279e-02
-1.394488188975650245e-01 7.148633389226767554e-02 -8.718086806081366477e-03
-6.730688327436686047e-02 6.282745816612650414e-02 -4.665096111173309967e-02
-1.581478592016531404e-01 8.338340492130671966e-02 -3.292234921306494422e-02
-5.743333474904224051e-02 5.227846217228605818e-02 -3.517055195749194813e-02
-1.150051134015929455e-01 5.340000045208618401e-02 -4.470934784052237043e-02
-5.926583130255001775e-02 4.117563664269724422e-02 -1.772549779946897344e-02
-5.158824167919545678e-02 -1.193333778530970357e-03 -3.176192337115914255e-02
-8.970558528799853215e-02 4.884717445327654839e-02 -1.827899546588240484e-02
-1.070555148031418075e-01 4.769761625468020572e-02 3.231282122041673893e-02
-9.505990323859354885e-02 3.440267320619065650e-02 2.510749388515120736e-02
-1.262122133871371732e-01 6.335878928642521557e-02 4.158183247927680487e-02
1.063871428458616764e-01 3.871251924007843015e-02 -1.128413387781175559e-02
1.385130428739398192e-02 2.642355372320054699e-02 -2.573711814351660118e-02
-9.144601304238750283e-02 5.909277561094116588e-02 3.661921203554107979e-04
-2.990927871112056963e-02 -1.717576947499799495e-03 -6.816926646470927199e-03
-6.143343482690190316e-02 3.986630307479660518e-02 -6.049629217101545192e-02
-1.212140840070034392e-01 3.882112673045695628e-02 2.230017719947757771e-02
-9.534096192730830144e-02 2.641943356452208097e-02 3.903443921995927018e-02
-1.289551700771533749e-01 6.471447976343117081e-02 -1.702318827296273734e-02
-9.657058751001083852e-02 6.446328872213824557e-02 -4.212000963588657942e-02
2.896259029369007212e-02 2.276991696974228416e-02 5.169439597058608088e-02
-8.193263386209225299e-03 9.701095120480833500e-03 -6.077121729904409048e-03
7.920653762337059520e-03 -7.821762161477777142e-02 1.372747283091793266e-02
9.533503670054857548e-03 -7.874014551909602755e-02 -1.596319202503105337e-03
-5.773363206844087971e-03 4.353275869398621871e-03 3.171959755427471161e-02
-2.220528462490328845e-03 -2.710436243529578543e-02 4.358525193776021517e-02
-2.843481497052940954e-02 -3.655063961325780153e-02 1.750413009521182769e-02
5.981504534139885088e-02 2.169897515378206923e-02 -1.659525244753508669e-02
6.865065021266092415e-02 1.498725260456098413e-02 -1.518834974860444479e-04
5.948378463230655916e-02 7.925205476797486659e-02 -4.471858482722045752e-02
-1.507593548526095228e-01 6.933079703098019020e-02 2.410541067893671313e-02
-5.490954256375275844e-02 -1.427899184417005980e-02 1.769103042354375818e-03
-1.452051709114254574e-01 6.126950239151431749e-02 -1.926033706749850569e-02
6.147890169340088085e-02 -2.665458791601106603e-02 -3.504674401047844830e-03
-7.512706881725604580e-02 1.694897035272241448e-02 2.672010850063939388e-02
-1.639766759594056267e-01 7.573536108280744250e-02 -1.648101618252578813e-03
-2.681330399061559316e-02 4.883987010693593978e-02 2.153998743342780062e-02
-5.134757757137813766e-02 3.306440133979818979e-02 -7.911227937038366881e-03
-3.281563939452457335e-02 7.942793764323015371e-02 -4.691331165819975085e-02
-7.204986952886452412e-02 1.686981828616331003e-02 -2.806009949208539481e-02
-1.039651232228345490e-01 1.065432439563648720e-01 -6.141835583670648274e-02
-2.878570483340251937e-02 -2.252316421568678270e-02 5.080617592544862254e-02
5.192876384036387676e-03 3.710381100145303951e-02 -3.179334681845297217e-02
-1.403582186756040066e-02 -7.160456920795789382e-03 2.680801720551130238e-02
4.366268575351313352e-02 9.179521578324152664e-02 -3.410827182373657451e-02
-9.836990246597919485e-02 4.814502543702745690e-02 2.008387091875768818e-02
2.487247999380563096e-02 -9.321002009275017926e-04 -3.038635570405427699e-02
-9.440915411151876158e-02 4.477006883969047307e-02 5.671617469034403655e-03
-2.593976664093144632e-02 4.005915092897056190e-02 -2.627470271706078882e-03
4.605806739397698413e-02 6.716966336654643654e-02 -3.362890630784302892e-02
-1.915028990036691040e-02 5.045397356392591903e-02 -5.837151672635484956e-02
-1.116746523937178354e-01 6.526437776545818137e-02 -3.615861654374331186e-02
-4.696605790942163378e-02 1.048903798217154515e-02 -4.220713179149565564e-02
8.730933634747641003e-02 1.517732233011670311e-02 3.595100629929751102e-02
1.512115157697226930e-01 6.933034249816405481e-02 2.324445220735399040e-02
-4.380119227695813272e-02 2.310960930897734342e-02 -1.620681988655420583e-02
8.513961848299597679e-02 2.008259634870949648e-02 -2.076565615981547722e-02
-6.201710138729975286e-02 2.327215675906651928e-03 2.686991051886576665e-02
-4.102347249995463851e-02 3.833865387946497338e-02 -3.862185257269939304e-02
-5.419857099400141043e-02 9.112760907786418216e-03 8.572891890429094192e-03
1.835940893244735264e-02 3.127632903715122509e-02 1.538826267672459107e-02
-3.701684852522143382e-02 7.276319203911996158e-02 -3.118901011966422610e-02
-1.064149547475301549e-02 -9.345873825083570244e-03 1.186254965399383826e-02
1.555735484651803724e-01 1.178940605534105346e-01 -5.647109307826965463e-02
6.693389703159223492e-02 6.131709954458609835e-02 1.391954978682754217e-02
1.125923350096461328e-01 5.563021021789418818e-02 -2.700568184498059604e-02
-2.298746089446627311e-02 7.704231074595191409e-02 -2.804862735291830875e-02
2.276057370659251722e-03 -1.386413928435771548e-02 -4.809857995648245121e-02
-1.441968295144769978e-02 1.586812313879003289e-02 5.571677610865090335e-02
-1.380558525553650939e-01 9.445555233098142101e-02 -1.761796930292650748e-02
-5.343686906742552145e-02 -2.141904634745853565e-03 -1.691115655997067063e-02
-7.734823965207471286e-02 3.633697720482001459e-02 4.178571988526849634e-03
-5.173928834546340227e-02 3.913922634597007122e-02 -4.907559967598648654e-02
4.192598509173933036e-02 -2.723917154276449606e-02 -3.881825367513030978e-02
-7.360474158847268855e-02 6.252840669665223061e-02 3.225117271227510504e-03
2.892062411959757037e-02 -2.998129815453574529e-02 -4.650548963571858596e-02
-3.787840630428916666e-02 1.289787465905263900e-02 -6.656166009074017398e-03
5.209868613273745119e-02 9.974278288463205022e-02 -4.475895360236686188e-02
-4.782084754757945366e-02 -1.974160022466506237e-02 1.380030401929467805e-02
-1.534580101686697576e-02 5.090977476976661642e-02 -3.950206113034151340e-02
5.547499694929881181e-02 6.513801093399834707e-02 -4.783073347988751195e-02
-8.712237604749653586e-02 4.775190144454820318e-02 -5.592227112417090529e-02
7.381298468714775352e-02 2.335199388128989320e-02 -1.147871779372474851e-02
-4.538310257024979338e-02 8.543720581411687331e-02 -4.135044340585123518e-02
3.631925428079357115e-02 2.285701450810792221e-02 -1.889874414751525206e-02
1.283584332396242589e-01 5.666960392626726323e-02 -2.252434387101852949e-03
3.499076116093541994e-02 6.201106721366732299e-02 -4.233263964526322309e-02
-1.020287864631989477e-01 4.086521718471201187e-02 4.504833518521065422e-02
-3.977553038729909896e-02 5.950373556754422893e-02 -1.677462947580434655e-02
-1.483051740087519277e-01 7.574907815544490441e-02 2.685608111853740165e-03
2.951705107189707411e-02 -5.732005955092055183e-02 -1.154728194637685140e-02
-7.768752489398464411e-02 -1.736600713193188191e-04 2.943904446699117591e-02
-1.016633016059767247e-01 5.077244399288126375e-02 -6.802451533139691406e-03
2.140283725998422606e-02 -4.249565473042889868e-02 -4.310688422511237128e-02
-2.261006460419218850e-02 -3.025322191444427752e-02 -4.999226280934316452e-02
-1.184040442473938554e-01 7.306561541844716623e-02 -1.039967565897350829e-02
-3.217028337183162195e-02 6.855834581899173698e-03 -5.984517069685623553e-02
-3.225310256180538571e-02 2.673672751444066548e-02 -5.366934885599781296e-03
1.172750722166696902e-01 4.863337281007487634e-02 -8.471180492965741174e-03
-8.993427699498682260e-02 5.414974300230417786e-02 3.092614939579053576e-02
-9.155279318566679481e-02 3.827590768966513540e-02 -3.106835171278424582e-02
-7.613762340386261152e-02 3.694274115450023321e-02 -5.597460337726847118e-02
9.802572312339302707e-02 6.905224911414163669e-02 -4.350886637722283651e-02
-2.091617317056026354e-02 1.114563548821342204e-02 9.826106193175520101e-03
6.867123223071139315e-02 8.271657518859623637e-02 -3.336424482711837503e-02
-4.209202465422594297e-02 -2.476039933877855273e-02 -1.802160964790762085e-02
-4.124143355298078018e-02 4.984596010850769754e-02 -4.834502093021057073e-02
-8.535688667686032460e-02 7.150067452298237980e-02 6.193400908569323023e-03
7.228142861136678532e-02 1.013927670443060848e-02 2.316587285253344022e-02
-7.847861690212425134e-02 -9.749268694541481789e-03 -2.173969955522857440e-03
-4.028011134866354807e-03 -4.214493278637982537e-02 -3.615007488370348271e-02
-3.907964819605349444e-02 4.915865229862705771e-02 -5.862372432715774045e-03
-1.107996221842529327e-01 6.651656024498697750e-02 1.606598104267920046e-02
-1.652670212328408454e-04 -6.491116859011108239e-04 5.362265803099165729e-02
9.587674418492503348e-02 3.195786675932850429e-02 -1.956462292364041095e-02
-8.548504204646710514e-02 3.272766965561597907e-02 5.005437498562671089e-02
-8.785382346995855574e-02 2.467864835230628578e-02 4.872691756794105856e-03
-4.992828324335275847e-02 2.500310287113513205e-02 -4.445326217256898721e-02
-1.614599929139032969e-02 -4.266200146956581479e-02 -2.615787874623879197e-02
-1.264873033838386784e-01 5.341795922054476398e-02 -3.498019478800420967e-02
-5.945143403225266500e-03 -1.634538956064289159e-02 -1.751568440949205149e-02
-3.570709921905517586e-02 -1.247774641928568393e-02 3.711386820325596192e-03
-2.907472383235584767e-02 4.114444404708683667e-02 -4.724164888640048493e-02
1.396847333079098141e-01 9.814193448160579702e-02 -4.030560351777240369e-02
3.884856495482526262e-02 5.758920972397899712e-02 -1.253858225576656889e-02
-1.675408717292201921e-01 1.073695856324920761e-01 -4.569793239990894984e-02
-5.694734091546978932e-02 1.120096982036546639e-02 -5.337773323492753241e-02
-1.532952694957697218e-02 7.131961078723886294e-02 -3.959532813592241823e-02
-4.829789340525312419e-02 2.550969734293376256e-03 -3.631926209838181718e-03
-6.916139262188178427e-02 -1.788476891120275442e-02 -1.065267416542474074e-02
-8.690957717762952395e-02 1.448242623802516865e-02 3.566412153978883864e-02
-1.283849419524194235e-01 8.494391219176138097e-02 1.821120502292498944e-02
-1.357861348599914003e-02 -3.574066035189180784e-02 1.940019890327988883e-02
-1.372265136109287464e-01 6.084680104002113121e-02 3.130456577216304825e-02
1.160560492093890179e-02 4.795675986888434106e-02 -4.014728501219183565e-02
-8.255694513385032629e-02 6.127123862737648280e-02 -6.053423306992673086e-02
1.076515557262158473e-01 5.878512473857115672e-02 -2.087574122144050977e-03
-1.181642030131938165e-01 8.927446360373746115e-02 -5.902783587180521901e-02
1.466158745820088927e-01 8.019098823735269777e-02 1.111286905559294609e-02
-4.467789335147863417e-02 7.038179309406322748e-02 -5.974252041973271421e-02
-1.123278409240574538e-01 3.149218585912898910e-02 -2.505820200957296559e-02
-1.079300833256182507e-01 6.535945120492719917e-02 -1.786692935383086406e-02
-3.902627672633545569e-02 6.482293529561514167e-02 -4.397135678629510158e-02
-1.273027550478223746e-01 1.182877550301855152e-01 -6.153470221692375342e-02
4.787786920411474072e-03 4.007086571426366622e-02 -1.700166698551295111e-02
6.070982997577500234e-02 3.061783311468086605e-02 -2.865090898351214249e-02
1.487430151503867648e-01 6.330864956227644225e-02 -1.580527941404204217e-02
4.662888357987745452e-02 2.678834664804100041e-02 -3.211694765714655231e-02
-9.848570577949548877e-02 5.752023234415403613e-02 -5.529025642373834593e-02
6.254601143164315036e-02 7.100661681640625320e-03 -1.457407372108881008e-02
5.714898396579383422e-02 -2.746818407105461324e-02 1.799951613432716757e-02
4.634816077612315122e-02 -2.358053217756030800e-03 3.213031104118209587e-04
1.366752627170774934e-02 1.227944478229116157e-03 -1.257830325337492249e-02
-2.030995851939177907e-02 -5.613473935238571383e-02 -3.124664759411093645e-02
2.212058562129404216e-02 -2.206931003558619195e-02 1.457005293121013505e-02
-4.258880414859292363e-02 -2.640553252049260974e-02 3.898081200513375116e-02
3.530959351497203746e-02 -2.475944377631601051e-02 2.633259336688624844e-02
-4.455852043709126326e-03 -1.070083452171733361e-02 -3.699228529006687999e-03
9.190985177578202617e-03 2.748355847121482579e-02 -1.013935716906813958e-02
4.377292777255253203e-02 -1.304815129550067690e-02 3.032399759271306450e-02
4.768060753704874560e-02 2.827722150208934748e-02 -1.073382019194137060e-02
1.165597491332227287e-01 5.213810331032992657e-02 -4.264680250822477231e-02
-1.045961775474749458e-02 2.186899106779586002e-02 1.061045513587210130e-02
9.178335995657381507e-02 7.003986320794824104e-03 -1.764523576488601087e-02
7.848280649095722150e-02 4.058520220806766804e-02 -9.189303384513621909e-04
6.412213324281393345e-02 3.490373643817887284e-02 -1.093254592688588933e-02
1.161445454095100943e-01 9.968388134691537339e-02 -4.713070913969442249e-02
6.224536361688420838e-02 6.015134910086914616e-02 3.145080314691906659e-02
-1.690894630425258671e-01 8.730578718315951114e-02 -2.340326657401588586e-02
9.603401541618271364e-02 2.699794630890299529e-02 3.892308922931731613e-02
1.457078980432524318e-01 8.215444266554423891e-02 2.879695715578710347e-02
-1.195238361805977950e-01 9.897734696763557660e-02 -4.769704179746014211e-02
7.096729924571580639e-02 2.332289915705217098e-02 -5.256905584547127280e-02
6.690025207568360555e-02 3.415708705408820184e-02 6.188758712000288521e-03
2.734284277468462809e-02 -4.160144535423875543e-03 -9.597526160163778394e-03
1.594886207339058504e-01 7.265867425498714893e-02 -1.111293182916330349e-02
2.170011551736706831e-02 -1.970658674606299426e-02 -5.520477329778754327e-02
-1.807017699350682571e-01 9.247208715777509302e-02 1.603556457764404629e-03
1.374159144203759841e-01 5.584693615419050738e-02 2.387148227700969585e-02
-1.211383604392431007e-01 5.003486343124598223e-02 3.691627786486582907e-02
-1.229524823255634218e-02 6.086228505801734995e-02 -5.553353628146715654e-03
-1.351129954060011906e-01 7.067187125420562599e-02 1.476932335419624959e-02
1.023374731851221658e-01 3.438349375852139261e-02 1.321421916822967252e-02
-1.585143827345036199e-02 -5.269411349292792840e-02 1.186403106784727698e-03
-7.775080198801057052e-02 4.624025158910264471e-02 -4.431414110700108294e-02
4.682707075269144925e-02 -2.401055757433701726e-02 -9.544342197383325001e-05
-3.553087194916063063e-02 7.078001967955716459e-06 4.570826785565411388e-02
-4.336990438063709208e-02 -3.482125604347715425e-02 -2.906896616490520571e-02
1.026233035834018398e-01 1.445992262947541108e-02 -3.051943930521174540e-03
-1.372526267424660495e-01 4.955681814735661550e-02 6.882405298446509986e-03
1.101103137047693917e-03 1.733828558189995719e-02 2.859207172286187121e-02
-9.121132910705978536e-02 5.071311171064020462e-02 -3.944025174722431276e-02
1.445110824264699001e-01 7.567976936613265981e-02 -3.908428244531562956e-02
6.871057938810847497e-03 3.972080124800476258e-02 1.059609817965362008e-02
-1.192966429553150853e-02 -2.353589374251801453e-02 -5.795514092685654164e-03
1.182737813525076426e-01 8.753635592241086616e-02 -5.850274517694299681e-02
9.092552137184524430e-02 2.470640955174570330e-02 1.232306857634399636e-02
8.183118687362907206e-02 1.306591266271892211e-02 9.761557322435861564e-03
7.745780885364450530e-02 3.831699210237993897e-02 -4.039921791566149917e-02
-7.447091787189293044e-02 8.334165565061474323e-03 4.136440377009437119e-02
1.519626433119757869e-01 1.007771482420037334e-01 -3.208132142887584748e-02
1.413451464292212190e-01 1.068155798244492249e-01 -5.736527518704024470e-02
1.234485260864788825e-01 5.910588257182868011e-02 -1.725746053831697310e-02
-2.818482499674422256e-02 -2.751991182628698088e-02 3.494857922605025535e-02
3.639123336438286616e-02 -6.083255126042827520e-04 4.480549416928585049e-02
1.179834671479974319e-03 -8.003252089111690228e-04 1.533780323070836789e-02
5.848248765239093955e-02 1.367477378251439994e-02 1.830183920684268911e-02
-1.728171354404685056e-01 8.536937430805749405e-02 -8.998139075156300071e-03
-2.493882364937668843e-03 -2.964351625983118257e-02 2.744369806151018484e-02
-1.482904310992359462e-02 5.307020351177964279e-02 -2.223319482748829790e-02
4.590285240054434168e-02 -3.715362753469295121e-02 2.108994556105247067e-02
-3.400513286465495222e-02 -3.296857999181347643e-02 -8.421463504777548445e-03
3.603926075011588265e-02 -1.557164992755030730e-02 4.384438249817492611e-02
1.117428842127086291e-01 7.352951888908108857e-02 -3.936104339144620712e-02
1.086234882072481811e-01 7.419035629663062181e-02 7.421317434032335437e-03
3.673518032727020322e-02 4.140250602415340708e-02 -4.769882951338318133e-02
4.010690828284398796e-02 4.025379682392476316e-02 -5.777312132105420078e-03
-9.847659058514673935e-02 1.265379014472246301e-02 -1.469211572754633259e-02
8.164130026226142089e-02 2.183453399679875784e-02 2.374210744490187763e-02
4.450161304215855307e-08 -7.016302853464864708e-02 3.788091759385582569e-02
-2.812123728343599374e-02 -1.955399242717172775e-02 1.454224637062630221e-02
5.719675352963383280e-02 1.640671486357150877e-02 4.665539359065826869e-02
7.622458189682468355e-02 3.483253716280566153e-02 1.825383484132699768e-02
4.201347486873807657e-02 2.878886477501437641e-02 3.702365568881516977e-03
3.279439962251331359e-02 -1.225437480000772343e-02 1.845364785422337270e-02
-7.667684273496169767e-02 7.493396271818594800e-02 -6.245546788321725690e-02
-5.258978097293107862e-02 -2.649487488335952601e-02 2.780249355808429509e-02
9.492890416589014335e-02 4.814563401598411646e-02 5.293163663710963307e-02
-1.141331068633656826e-01 6.403717189926354247e-02 7.883335436844114046e-04
7.620944782756682544e-03 -4.090758040518085309e-02 3.607898474200327017e-03
2.246841583844657458e-02 -4.539494074583707434e-02 9.996317013962660245e-03
-5.978882334541712334e-02 1.106319159378365592e-02 -3.444657035459533501e-02
-5.276474498477713715e-03 -1.084885562641985275e-02 -3.452352146582531728e-02
1.612001759606269957e-02 -5.506996905224830624e-02 -3.690313352282514892e-02
-1.256450794615827371e-01 7.904392670269977383e-02 -3.748682401810241732e-02
1.598685610410819913e-01 7.318345795579894730e-02 1.159170755436467193e-02
7.150095119907298735e-02 2.425673083849814830e-03 7.532900722144518155e-03
-1.594160283541887491e-01 7.296117956086298206e-02 1.237041670430004923e-02
-8.995133448764389139e-03 9.608006533577089295e-03 -4.942193189161372263e-02
-6.838911761504336273e-02 8.737589270716616952e-02 -6.101035332067006323e-02
3.955167331460726632e-02 7.122937721375346976e-02 -2.012247493823986558e-02
2.544470066983929579e-02 -2.718683280077355616e-02 -1.071805658944409434e-02
1.362178654335853036e-02 -2.637673156682037237e-02 -1.990974944072897157e-02
4.875209302903745628e-02 -6.123989253768516439e-03 1.799043265020466506e-02
-3.428571002331641526e-02 5.110012123638164871e-02 -3.460112792003129656e-02
6.267100657360885618e-02 -6.861609108530083642e-04 1.924829015051183340e-02
3.726344878859674803e-02 -3.061762496755954244e-02 3.999631406969268721e-02
7.697006227641423060e-02 -1.122435364487982257e-02 2.642019934402144426e-03
6.207071720830482225e-02 3.363348704675585277e-02 5.911672044646689578e-02
2.742765771897521729e-02 2.562524926553472193e-02 2.204740175049569196e-03
6.691101929701613604e-02 -2.046282102916727880e-02 9.025263277337035664e-03
-1.315122132508616537e-01 6.241418188560000219e-02 2.078397115711678198e-04
1.078118242273242849e-01 4.022696670175689160e-02 -4.009197729520246750e-02
-5.463242747802486005e-02 -2.521732518772712775e-02 -2.664817917074027015e-02
2.443423242080768054e-02 -1.944351609890117294e-02 3.517392682572276219e-02
5.042342345570180462e-02 8.514314008244592766e-03 -5.497120215242111418e-02
3.077676301346871784e-02 -3.429384075743813903e-02 1.569079660224143719e-02
-1.052523683653040221e-01 5.473845705718417137e-02 8.507500323443828449e-03
-8.602931140778916075e-02 9.027941276851630947e-02 -4.843045640654386474e-02
-5.909945474168777612e-06 -3.938280542559803588e-02 5.587788660214203229e-02
-8.022478828470069878e-02 2.857723057891098373e-02 -3.263739090722812125e-02
-1.645636887591775954e-01 9.754893441452829050e-02 -1.208303779423258208e-02
2.668926251755481677e-02 -4.202484302494539220e-02 -7.575486454581240904e-03
1.309079737277268340e-01 8.537765647742878716e-02 -1.423195418989928358e-02
5.445256729830453418e-02 5.336025337361633564e-02 1.042790801287953907e-02
3.209864354475044923e-02 2.329771171468592375e-02 -3.336378614407579934e-02
-3.423990701263155551e-02 -2.086716173344593458e-02 -4.880800178027857456e-02
7.190908699381191871e-02 1.387327917961095509e-02 -2.413679066927341271e-02
3.901694095383347050e-02 -1.319977952142485124e-02 -6.994561184748779477e-03
5.151725371410195015e-02 -3.624084415244084589e-02 7.206865534378395499e-03
-1.121985575243628908e-01 7.840910794948106888e-02 2.508514559167857386e-02
7.877222627238765484e-02 3.188540393968199854e-02 3.500499289480868415e-02
-2.171855072711010443e-02 -1.664336891389307446e-02 -5.623288738010214644e-02
2.140225053128028132e-02 5.867160880778238968e-02 -2.892314699474210840e-02
-3.837707897927048611e-02 2.539101742507325968e-02 2.317236155152556376e-02
2.107745537022140750e-02 4.252186675889376571e-02 -6.055686434056802708e-02
-2.281232938629846815e-02 8.571900164062598929e-03 3.798430578539880448e-02
5.984039492845586589e-02 6.631568020080393956e-03 -2.932084330452625759e-02
1.034012702790551991e-01 8.573391780302744292e-02 -6.115983899366755211e-02
1.273917906564900893e-01 7.776488742739992577e-02 -5.169245705166208849e-02
-5.751086090502221387e-02 -2.146276974535197245e-03 -4.603957975955588061e-02
1.490888479158299258e-02 -3.281418454374598892e-02 -5.254094232797502234e-02
8.916405062701160400e-02 6.862088942635686216e-03 2.243762978987125581e-02
2.076010430689714456e-02 2.679400654842251442e-02 3.461740547662334189e-02
-4.522359961368940112e-02 -2.374711949434277561e-02 -3.900425164829222913e-02
-1.363111550862573839e-03 -2.971695155002293878e-02 -2.252808986285526408e-02
-3.855264939488863701e-02 1.503916063412695861e-02 3.493416689070422132e-02
5.156026368016580069e-02 -8.060659911382561183e-04 3.413716516497876385e-02
7.839867330905511689e-02 -3.547139841399819544e-03 2.322929622332784924e-02
4.591114293135884622e-02 3.446477564006373423e-02 -6.191152761880554939e-02
6.630955623839426827e-02 4.741856745003635715e-02 -1.889541908190554495e-02
1.336898746984491616e-03 2.782944279043362418e-02 1.786941334414110169e-02
1.878433526454105842e-02 6.561756269650363856e-03 6.182398648213193598e-02
8.872507646045553475e-02 5.428050993907355959e-02 -1.611235264219057842e-02
4.998979983407571270e-02 -1.505728927378345051e-02 -4.220870966255127477e-02
1.261321700847133076e-01 5.174210454399762182e-02 3.371474784167464295e-02
-1.513680861106030291e-02 4.260617422653572369e-04 5.701569796607069279e-02
1.396537684889415654e-01 8.453912104079822076e-02 -1.442659278572610724e-03
-2.860399396078824874e-02 -4.435303296248135213e-02 -1.655406476115969458e-02
8.565892386290335087e-03 4.398474643838401303e-03 2.732026821656602725e-02
-1.051632955165686173e-03 2.582123054481406943e-02 -2.414760436810917121e-02
-3.350302973200802725e-02 -7.404633983733228432e-03 -5.538065689018831228e-02
-1.396132373929615325e-02 2.332207120007958462e-02 -5.290250881507262137e-02
9.183472654417329170e-03 -7.217960626346509208e-03 3.677573429498183499e-02
1.096236351940881558e-02 1.551420186899834727e-02 -6.233214943159901683e-02
1.086395301400935702e-02 -3.790743253806987817e-02 -1.072885904036476566e-02
-8.469570456126954139e-02 6.220988740322403593e-02 -1.351470922147132367e-02
8.968781290735225453e-02 1.647425808294193661e-02 -3.489650531264949090e-02
1.931664388619721076e-02 -6.426388259685135440e-02 -2.010450405279914227e-02
7.522680593990067888e-02 5.105957058671795057e-02 -4.799045294755356628e-02
-5.315404010695597842e-02 -9.099979836487616380e-03 2.291576804851725921e-02
1.412432002456303903e-01 6.306485093782071560e-02 -2.890606360161795951e-02
-2.125823440494933880e-02 1.387604536540956897e-02 -2.953458770856064175e-02
8.138016771519568371e-03 -4.618875392408442609e-02 -2.783954326623021280e-02
2.112293921811640024e-02 -3.241160273424590482e-02 2.647087897881207109e-03
8.045830845813885246e-02 6.860354040903500483e-02 -9.948139920463023450e-03
5.773994517394435283e-02 4.736157161059270648e-02 2.503727961351196254e-02
1.271225282415833491e-01 4.276875699847068613e-02 -1.821258210082897511e-02
7.980128648403581049e-02 6.787098422008056020e-02 9.069741592689235452e-03
7.788764816694503795e-03 -5.956692250746656314e-02 -1.174326080090265165e-02
-7.955140043084295287e-02 4.713491384729261158e-02 -2.939278717175124178e-02
8.930650230085157570e-02 4.050037396755669372e-02 4.131573149151458735e-02
-2.559946122924115774e-03 4.381954023141367699e-02 -4.290022292821382005e-02
2.916076429758611074e-02 7.572947939021031950e-03 1.350899220869219292e-02
-4.733174058762150416e-02 3.035161159861274587e-03 3.688787268207685544e-02
-3.994947283636459366e-03 1.643349133421681887e-02 -6.179646128430092006e-02
-6.043820866153277668e-03 -6.246422325775097956e-02 6.927499367045702149e-03
-1.063067397260349933e-01 1.800603003265711932e-02 8.969963959658733190e-04
-1.293864115665330772e-01 8.325931680552799141e-02 -1.116431501299441388e-02
1.134618078268154473e-01 2.519280054190012677e-02 1.562959813029983231e-03
1.008861336457920616e-01 1.115243179867100587e-01 -6.199551836631231327e-02
-8.406989910380227582e-02 4.372109435536620375e-02 1.872216772958102543e-02
-7.268736894952280980e-02 5.328056533198924360e-02 -1.452057588648233977e-02
1.195191827980921495e-01 4.298971859664193346e-02 -3.113663969674415610e-02
4.852711370591095141e-02 -3.923639782763729822e-02 -7.182245987831717762e-03
1.525671739153960094e-01 7.279799386380228499e-02 -2.676452692490595767e-02
5.175161405569953660e-02 4.083103427289864334e-02 -1.784307670340432722e-02
7.118645378974108873e-02 4.505746971101857318e-02 3.256277258416069575e-02
-1.200482340001331610e-01 3.270974840103847703e-02 -9.385675540710623418e-03
1.687216875176081321e-02 -1.488642902588436200e-02 -1.025948091160173645e-02
5.732754167461653894e-02 6.664164301377790978e-03 5.095623764423740099e-03
4.270524413028098203e-03 -2.286356568271500841e-02 -8.679903866181700248e-03
1.128328246759240268e-02 -1.031114908450746388e-02 -6.051477802475503653e-02
6.380940849891347799e-02 3.304004673716130075e-02 -4.367063540520986498e-02
1.194395889070557076e-01 6.528624733866265906e-02 -4.925019534336385479e-02
9.052842122745756448e-02 3.372947016052688096e-02 2.588161763102524854e-02
1.201851428719023958e-02 -1.363707129344781527e-02 5.979375640715812318e-02
-4.423714642458111482e-03 -4.813119554011276863e-02 1.101232713759160882e-02
5.610868777701424198e-02 2.213609786516528705e-02 -5.759498725867311097e-02
1.202678860110365511e-01 5.104529613460133397e-02 9.053407960076864658e-03
1.158686413526036074e-02 3.374100899730705233e-02 -4.493094103953284429e-02
2.910857406685022492e-02 2.848983068817770997e-02 -4.787537361526442853e-02
3.555354210077161375e-02 6.041971678618789088e-02 -5.987373812469867079e-02
7.734843325793766544e-02 1.274092695568652782e-02 -4.255742170202402030e-02
-4.144553304261656274e-02 2.547995832417655759e-02 -3.092079314938466286e-02
5.494284402335637002e-02 -1.332919273226875097e-02 -6.790573229788139306e-03
-9.494484316752043948e-03 -7.848909931331703171e-02 -1.066997988381920446e-03
-2.446803876574247735e-02 6.773427612330183700e-02 -1.612665615582165382e-02
4.678141738394930166e-02 1.174776221959990610e-02 2.747425975665008027e-02
-5.354287571608852547e-02 9.419060268034365468e-02 -5.100161700032845857e-02
3.608255951053328942e-02 6.319514476158086952e-03 -5.877372499641984882e-02
8.659280070988246980e-02 3.069375048724672789e-02 -3.127251545387062237e-02
-1.610571137167566766e-02 -1.881154846506210426e-02 3.669680675748224208e-02
2.972573507387340011e-02 -2.966256511899798172e-03 5.803131224887759371e-02
1.673804114384893071e-01 7.900197079090676144e-02 -2.599799101872364584e-05
6.795470801053661580e-02 -1.429550980736528192e-02 2.265706473516418407e-02
-4.399684778939325080e-02 1.605380552632918942e-02 -5.917715662686526268e-02
9.192391506939217444e-03 -3.536514246344385493e-02 -3.815091863473825395e-02
3.476173490362065299e-02 1.116754520687906170e-03 -4.197507236485999160e-02
-5.822587692812076360e-02 5.344340826760441560e-02 1.256925891711293923e-02
-1.189428601921753842e-01 1.058378459844989544e-01 -6.175267737802143247e-02
8.881909604887840148e-02 4.088464904544296397e-02 1.281873527511200386e-02
1.378109562939566594e-02 -1.838014139603369804e-02 4.567377953961195697e-02
6.157335744254825022e-02 1.944186568348972577e-03 4.606210708447754792e-02
1.370822997110063002e-01 6.770064670578442023e-02 3.529026015078899278e-03
2.200898288267781264e-02 6.190087910957841472e-02 -1.138918017604133824e-02
7.136015944701715186e-02 5.768262562595510151e-02 -3.510013555162408427e-02
5.618125432146734571e-02 2.028066929893241471e-02 -4.166883018961058116e-02
-8.561718060453551993e-02 7.987543846366033928e-02 -3.388893585936723213e-02
4.482205213925362364e-02 -3.558789755955637374e-02 -2.580374627684480643e-02
1.300435177046907996e-02 1.431886467711092001e-02 3.766224795754545551e-02
7.707709511852246786e-02 5.436781473966547512e-02 -6.659483154340825606e-03
2.290946247524392604e-02 3.500617862396152719e-02 -3.517893191061351871e-02
-4.523215704886433125e-02 1.891381491512790242e-03 -5.439369006941155438e-02
4.859364566126487400e-03 -2.378338400710526546e-02 -5.904951223307672303e-02
5.922155050025752071e-02 -6.798482070610410537e-03 -1.972270689297061716e-02
1.750019506718862861e-01 8.912438306295192292e-02 -1.421962635261165599e-02
1.213603629856895016e-01 3.430382642404655041e-02 1.050736830074550099e-02
1.395766802791648664e-01 9.705555250441438853e-02 -9.710515044691678602e-03
1.462507780491222598e-01 5.983905013984957416e-02 1.242578716680660562e-02
-4.143200699837216311e-02 -1.463025939836567341e-02 4.827311439393328074e-02
1.130404194047339439e-01 1.207155278364095280e-01 -6.204144531032779186e-02
-1.198814064292480844e-02 -3.043863449948526478e-02 5.478210236961136848e-02
1.638147971797546468e-02 -5.203661309293034637e-02 3.955184279372741391e-02
3.631646220040334137e-03 1.726593481843594112e-03 -1.441905100731379888e-03
6.156396095901112142e-02 1.035458686194438115e-02 3.364803305044276882e-02
-1.678373947869702190e-02 -1.656483320912422591e-02 5.785944699022343984e-02
4.458082871937990577e-02 7.945764644697823897e-02 -4.299772725360276326e-02
4.841905389850120756e-02 2.374482483615440905e-03 5.325195284196044404e-02
5.074895761874317207e-02 5.081144839677655123e-02 -5.903396556538972016e-03
-6.773100766787959297e-03 -1.339019729237325880e-02 -6.076898653547743029e-02
-3.925667878173681735e-02 -3.096057765592527544e-02 8.742694152474575139e-03
3.433346793910805467e-02 -4.573667457496498334e-02 2.630609117448306014e-02
6.700626376601518525e-03 2.552288264252081801e-03 -5.431698007653893573e-02
-9.743511775888262505e-02 7.017378925821637914e-02 -2.742477937700135357e-02
3.815627072169752720e-02 1.009711050931609913e-02 -1.303448732918276436e-03
-1.955130598447629361e-03 5.282824507496911709e-02 -1.290909693950028324e-02
4.349798775071564427e-02 1.232226152237874718e-02 4.212371524623623881e-02
-3.777157078849731342e-02 2.567406554978261118e-02 4.786118886462110977e-02
5.411383590203884325e-04 2.750473572351339047e-02 2.114310119581954035e-03
1.648271202243065461e-02 -3.477080810635871377e-02 2.021557057987843214e-02
2.573044948157891462e-02 -1.702223553859993216e-02 5.464278146056719687e-02
1.038806600061568941e-02 -2.306933189788231212e-02 3.139556323802866061e-02
-1.481784799185152102e-01 8.565767219188835657e-02 -4.400177597274491925e-02
2.234974610434954569e-03 -6.163768236185589167e-02 -4.311471255325173557e-02
5.162363999687120258e-02 4.831722597382479695e-02 -6.240132363675558042e-02
1.525172348124840815e-01 9.365735845165652773e-02 -1.649114007102184601e-02
1.186490607677929410e-01 7.753358190754644497e-02 -2.093981321641055771e-02
-7.984819286048497333e-02 4.985001634057188019e-02 -1.801509427059837763e-03
6.781966052942789425e-02 4.099735440143281034e-02 4.659966104229071315e-02
7.375630732819783708e-02 7.411647205815603823e-02 -2.217799934864256653e-02
1.190961587472827155e-01 6.845423881898120289e-02 -1.673807866503801683e-03
-1.723012890786259355e-01 9.783398481589321294e-02 -3.359309715224882004e-02
2.323908070424514360e-02 1.157251317550538755e-02 -9.301014673968170145e-04
2.733761384684799470e-02 4.868816448308368322e-02 -1.611415859599439615e-02
7.532910003241416463e-02 5.927282085240990345e-02 -2.072390290246540340e-02
5.748825310945943068e-02 4.565003773440801105e-02 -4.876962048242549502e-02
4.542524495948809665e-02 3.973859384930933381e-02 1.616522664794510511e-02
1.280308208789751323e-01 6.270918345313059028e-02 1.439855180693230124e-02
5.814533561123198455e-03 1.640930283898255418e-02 -3.386836096084925446e-02
1.348695971677037753e-01 6.677099942560409118e-02 -1.127697494736717640e-02
5.763110998427247583e-02 -2.612766464559481902e-03 -4.560595711475229352e-02
9.764332847715882432e-03 -5.305221056833699794e-02 1.213256314598653261e-02
-1.028272059620648771e-01 4.275501695472736646e-02 -2.225021326832390955e-02
2.537271413029948755e-02 5.090282842713968886e-02 -4.533288355306278050e-02
6.541434946142384022e-02 4.400644435384720721e-02 -3.350120441584229780e-02
2.830742055381986477e-02 3.412258965735075200e-02 -1.270794171627737112e-02
1.008116814401103928e-01 2.789702249837283654e-02 -3.517355410713588620e-02
1.143466795926821877e-01 9.017908844824762404e-02 -2.861375695618734172e-02
8.875719564734969869e-02 6.156023796335707843e-02 3.809545637984619593e-02
-7.420451230157440459e-02 7.032169702510276954e-02 -3.564110689331302650e-02
-1.192268634650621995e-01 7.247792621938534130e-02 -2.539198045871850565e-02
-3.834673786166512693e-02 -2.273746506781489790e-02 2.503187375099446069e-02
9.836055621457075182e-02 4.343587621127598108e-02 -2.889471778978876249e-02
3.221171494345928532e-02 -5.297598902174229137e-03 4.684377799863866966e-03
1.365962826282245413e-01 4.906050711547305793e-02 8.477014849307970903e-03
6.125169797566722141e-02 3.351094805578891389e-02 2.047144674967499300e-02
6.697125466406218808e-02 -1.873658458659306636e-02 -1.499901272018333738e-02
-1.413516845515064013e-01 5.361196271674892322e-02 -6.956715662982278052e-03
1.475946140086324687e-02 1.845364609523285002e-02 2.250558331993000524e-02
7.369844489760954409e-02 -7.038671081930784890e-03 -2.533643829493702898e-02
-6.883181426868303920e-02 -1.924503140584408328e-02 4.277435590606352457e-03
1.071572017601305077e-01 7.560030990287949781e-02 -7.439669037250216249e-03
-6.941971143769198882e-02 5.814349464856606586e-02 -2.832294198406210342e-02
5.179785567030281701e-02 3.024529922604188292e-02 4.872346857459827763e-02
1.208607353544036492e-02 -6.899155987600467943e-02 2.479589587703475220e-02
1.867551477512467695e-02 2.137071470276738494e-02 -3.977462765750831158e-02
2.294754339723394793e-02 6.719612539309456622e-02 -4.971074302501198722e-02
6.878663701161921717e-02 -4.661650741983382543e-03 3.468638830836833636e-02
-8.205117600115784116e-02 3.601733421980787136e-02 -1.961189376448418953e-02
-9.285098619625618832e-02 2.654318069084560944e-02 -1.530286451906400294e-02
1.728102231765672389e-02 2.829909977330083773e-02 -5.768919593998266676e-02
7.164148150988583486e-02 1.871255586652774416e-02 4.995968759721548108e-02
-7.104797729005975226e-02 9.119972774515415492e-02 -4.444030999905263651e-02
9.728615367264815961e-02 6.643006012531629811e-02 -1.403194408028649205e-02
-1.210366600919870472e-01 7.524629335220457682e-02 9.439087081448834307e-03
6.478645418668274591e-02 4.725947877781586787e-02 -1.812282576318723993e-03
3.866154304160927119e-02 -4.954362873082579499e-02 -2.565443153173806255e-03
9.494175060139722899e-02 3.629048206783256486e-02 -4.670836198987671217e-02
8.698048030680907705e-02 5.550633008335820184e-02 1.562662835804429218e-02
-1.698493193334142323e-02 1.106634970966452469e-02 2.435211567965597096e-02
-8.477595037336632666e-02 1.464813133312733648e-02 -2.044685594392913613e-02
6.068299554298124676e-02 3.621224477837299560e-02 -5.998124006434895489e-02
1.354710523299612612e-02 2.093043471535859304e-02 5.656374119635247492e-03
-9.664940891091881869e-02 7.948534527819180184e-02 -4.404213745901262161e-02
1.605365230560673595e-01 8.061960257185621370e-02 2.649090984221632791e-02
1.911141000400095463e-02 7.292743157698405865e-02 -3.293668318583432147e-02
9.831139309266495596e-02 1.813761374267169879e-02 2.620020578231157388e-02
4.492615912754604340e-02 5.374664719945469737e-02 -5.004538378619931976e-02
7.286350732955777787e-02 8.869470714842613013e-02 -6.135750730303096701e-02
8.243836799136348981e-02 7.513149617969028249e-02 -4.887179704414178205e-02
3.836553371453331474e-02 3.665461107460907253e-02 -2.441273465137628121e-02
6.184480454931094717e-02 7.851406359938128965e-02 -6.130139144788744610e-02
5.401209394153430599e-02 9.066653199675757391e-02 -5.658670130468469728e-02
6.795506921598907200e-04 5.733462894482974082e-02 -4.854203620633528588e-02
3.101516432140869264e-02 4.738117215456875281e-02 -3.188883996854895153e-02
-2.210106842419045856e-02 3.160860028432333629e-02 4.422689108330393054e-02
1.368106953065240938e-01 7.289167943254726278e-02 2.104136144164644312e-02
4.848967264557769302e-02 1.909620196427855212e-03 -1.390038830553014595e-02
8.123170620539134704e-03 -6.437774614124436301e-02 2.446863850067986998e-03
7.046103785579016510e-02 6.527260631288329951e-02 -4.843042325014076943e-02
6.094728671620657304e-03 -2.004845683492026062e-02 -3.123194574402047771e-02
5.584642664208526423e-06 -8.799628071643553207e-02 5.561372636329319288e-03
-1.162147916785044675e-03 -5.093441604832694980e-02 -3.356882504131918337e-03
9.639945473934261044e-02 9.098304354965648655e-03 9.493356664539671225e-03
1.297476414775326770e-01 5.392332901789444188e-02 -3.204644772600505342e-02
8.315832419262401964e-02 2.825764723326149377e-02 4.887285033399510481e-02
1.650717684467903693e-02 -5.262770657767969207e-02 -1.708692371799675619e-03
9.810859680785931347e-02 4.951601330179786903e-02 4.818194941135670734e-03
-1.555081441765980912e-02 3.630697962217169228e-02 -4.292624919944463407e-02
2.281329244657381849e-02 -6.710564933504406179e-03 4.300777742766428990e-02
1.060496521393937963e-01 1.986447927408387104e-02 1.345848460608943011e-02
8.830607916573492144e-02 7.711790500916741731e-02 -1.950739982563324745e-02
3.579813026279589361e-02 9.300270445268795164e-03 -2.945508390329682272e-02
-5.265122550130715839e-02 5.953429723689505904e-02 -4.739521042801016909e-02
-6.723033937829762940e-02 5.346291757412997836e-02 2.557576480064378127e-02
1.079629086897575772e-02 3.593682226673917436e-03 -2.788418570569787744e-02
-2.300489779425107795e-02 1.182244842065373509e-02 -5.058733736645401081e-03
-1.142399661735181704e-01 5.249428537863441713e-02 -2.229163622177796067e-02
5.072715069760728307e-02 4.105491891832629969e-02 -3.420555771853831667e-02
-8.685738968877229627e-02 5.785537154542259169e-02 1.459138073249536226e-02
1.669162880740306110e-02 3.698947878612570545e-02 -1.246058574194041898e-03
7.962614544575646880e-02 -7.162610269098232223e-03 -1.155863637538019108e-02
1.339273088747190699e-02 -4.079842675865176516e-02 4.929343432641956901e-02
8.869047830724031967e-02 6.382188816703432410e-02 -2.768583114889575092e-02
9.110771510955452401e-02 7.483600963598076306e-02 -6.133735136484665812e-02
1.403584058406081581e-01 6.639628399166069839e-02 3.411636862476591370e-02
1.643895533239469742e-01 8.183518650147332540e-02 -2.191693369146369141e-02
2.639280605283074801e-02 1.045729533689163104e-02 4.321087778314169903e-02
3.485540642068719885e-02 2.139806059534954397e-02 1.461123474617561334e-02
1.248380419684349679e-01 8.228661851529588123e-02 -8.662338323267753173e-04
4.382571020815343582e-02 -2.160063270203955652e-02 1.439973968536460182e-02
8.887542808077482370e-02 4.800775130054098228e-02 -3.959150309634360682e-02
6.151627865341955867e-03 4.389325218326829009e-02 -5.591842959507836719e-02
7.391372017406981632e-02 4.820176354705712346e-02 1.186160115521817625e-02
-4.354814131596687621e-02 3.658202224712902434e-02 3.298423788453055255e-02
5.608771169211883983e-02 2.183478407256707679e-02 5.970159489841584885e-03
-1.161863992128085443e-01 4.253692673416528680e-02 -3.444535592495918952e-02
4.407283398507905181e-02 6.851570104923787076e-03 1.211042862684518287e-02
-1.012665011916152324e-01 9.180675974306298781e-02 -6.183981332240737205e-02
1.554482741519274715e-02 5.558261974978852965e-02 -5.565160951992999955e-02
-2.457917919209440250e-02 -5.931112667654174888e-04 1.841270396284449759e-02
3.674313554365925272e-02 -3.410246460762550533e-03 -2.155769508930965167e-02
9.466004592589115016e-03 -6.714975384643373513e-02 -3.103456780497004103e-02
-1.042774796882936228e-01 3.406902835119495626e-02 -3.780200909356721400e-02
1.776747379194285395e-02 -2.126107523111586510e-03 1.763235526497975575e-03
1.330084305407772116e-01 7.489091431319247483e-02 -2.474876405826666181e-02
3.509928616529566642e-02 2.406910571027447848e-02 3.807085902555117085e-02
-6.585676795711964404e-02 3.996695886707737596e-04 -2.492157301392698698e-02
8.404415915711634100e-02 6.201216586905489159e-02 -4.183231272068899803e-02
4.120096798386258669e-02 2.028997650685143705e-02 -6.062110042236153185e-02
-7.579740788983878319e-02 3.197968051179981425e-02 2.301280519535443131e-02
5.381359200235126539e-02 5.992962094075034857e-02 -1.739728486542357899e-02
-9.610925350289006852e-02 6.948893540642886446e-02 1.661636221016324355e-02
4.927356596128677074e-02 3.317874844650020583e-02 -4.735087517034919369e-02
-1.537590865281543429e-02 -3.238412003297123226e-02 -3.703562737899032675e-02
1.946035439240650575e-02 1.697478556989395673e-03 -4.648223540131745518e-02
7.318552545611441140e-02 2.466755883213708755e-02 -3.447260940952824593e-02
7.689237584760305610e-02 7.523371999220832863e-03 -1.021822591494057908e-02
5.018711014045333652e-02 6.322363917858303539e-02 -6.173589399131484967e-02
8.008951926760748963e-02 5.810803915219957955e-02 -6.041051651461851885e-02
-1.390368183343255182e-01 7.391986537022254833e-02 -4.211146265322327636e-02
1.281773966736470538e-01 4.464988105146498049e-02 2.008051043256590257e-02
3.657939151625178020e-02 3.177992930697980112e-02 2.529696841574375146e-02
-6.667107831598119427e-02 8.094519605792455108e-02 -2.741748611210922948e-02
1.431612937593149393e-01 5.514183049903050721e-02 -4.109042865205184657e-03
8.406483852430104037e-06 -7.992262702669808427e-02 2.649040465584985571e-02
7.578022242709493705e-02 8.810937412702110616e-02 -4.541625009555202291e-02
1.299206898865146731e-01 4.176187935495137560e-02 -2.799515307390952352e-03
9.340855436647475807e-02 7.564414434547764299e-02 1.859700406474940407e-02
-5.913601609843095394e-03 -1.314870498917920273e-02 4.764713231542232891e-02
4.971222083942723052e-02 -4.295817871141557713e-03 -3.104843276845405120e-02
1.635225678025677420e-01 8.997761822629853079e-02 -3.448225054096198255e-02
1.494085238190583954e-02 -1.170964166762611738e-02 2.272676630812040313e-02
-1.270863046009360342e-01 6.507615134263181056e-02 -4.439888884814884029e-02
-6.087472237386908069e-02 3.317320721110614962e-02 2.393219447738622122e-02
-2.088871056092826001e-02 3.318954806663369783e-02 -6.181263528357826276e-02
-3.679087529726560862e-02 1.902461782716801872e-02 6.990607879302663911e-03
-6.824608845854356846e-04 -4.079596149653293147e-02 3.766795937864841903e-02
6.646933023513063032e-02 -3.886772337235645802e-03 -5.155218073390246611e-03
-2.515721706351343318e-02 -2.160246466473939031e-02 -1.259709440968286888e-02
7.543452365968195128e-02 3.715213652281636192e-02 -5.627898390400749851e-02
8.784193502677468957e-02 1.629121555593388698e-02 -4.867145718820979974e-03
-9.313645148516597194e-02 2.408453236651256907e-02 -3.880991728417643866e-02
6.796594115462289976e-02 4.927588717114262523e-02 -6.099319005446247888e-02
-2.382053113740790519e-03 -2.031223555979943390e-02 6.032799347764095099e-02
-4.061758001291704973e-02 4.437427600882254408e-02 1.667045999135429585e-02
3.723546680197604292e-02 4.409968289416575345e-04 2.987203443868713740e-02
1.535908364774450918e-01 6.525020985160437381e-02 5.180545225434849332e-04
1.105953652513146646e-01 4.140809168902302023e-02 2.853712453568033828e-03
6.765545932029355669e-02 2.343031466697592657e-02 2.954373754535382507e-02
1.014891171185719615e-01 8.246589163321499383e-02 -2.818247926336615167e-02
-4.995824072144303823e-02 1.980134114817547891e-02 -1.055587116308982602e-03
-1.482140679722840360e-02 1.874510157013843312e-02 -1.605356175554268836e-02
-7.850625631382371697e-03 -7.825177864125984484e-02 1.383164167528328110e-02
5.158211100329130466e-02 1.448616865093030857e-02 -6.337140857628901711e-03
8.920911620734498643e-03 -2.725343068331264121e-02 9.673075352615752298e-03
8.990491212045512853e-03 6.245696010732408598e-02 -3.651748669598751246e-02
7.836771647096427151e-02 5.732018011442650829e-02 2.776986450569676051e-02
1.450176462313134407e-01 7.779739227221631193e-02 -1.473363994144544047e-02
-2.544107498193819497e-02 -2.903178294759192063e-02 3.234076413443246444e-03
1.675825118309379885e-02 -4.902906465340673564e-02 2.487099092122287136e-02
1.086536531634745562e-01 7.233942257321786251e-02 -5.692215009979572499e-02
-6.602468844110896684e-02 6.437982787272561458e-02 -6.246195271969363916e-02
-5.280769387176836860e-02 3.712751937227044829e-02 1.172220251087565529e-02
-5.463379003011738927e-02 -1.683688888258471836e-02 -1.420954934370169571e-02
-1.166325493532304330e-01 8.481834473298068000e-02 -1.249824839231169007e-03
4.885293866153741366e-02 2.519963286392919166e-02 1.894028623510647311e-02
-2.200279888119225855e-02 3.187692567567891599e-02 -1.503557460436532461e-02
3.737821495325094334e-02 -3.541524351745386351e-02 2.276003117886568096e-03
1.779491122714589244e-02 -4.967455682693450864e-02 -1.691935986176357209e-02
5.837307383585646492e-02 -1.543341341281488123e-02 3.413704179824151447e-02
-1.217049563322710332e-01 7.587667078311903512e-02 -5.331973957451860424e-02
7.896812485219793787e-02 2.596632085669932019e-02 2.376470018963761002e-03
1.524097778868832576e-01 9.062217808031809707e-02 -4.453323708270795489e-02
2.214130626025914358e-02 2.046696641608198447e-02 -1.295583773909897082e-02
-2.029649198930775361e-02 -2.290593066994982101e-03 -6.033518997155915692e-02
7.506231989079834022e-02 7.726624250310608691e-03 4.033687279983205753e-02
1.077597168805004418e-01 4.689333901183846687e-02 4.526442404060836144e-02
3.472066194933850960e-03 -5.202604020513584837e-02 4.861165934483654971e-02
-3.260315426688629309e-02 1.202199269055605549e-02 1.957783522964532882e-02
3.828379743386838702e-02 -4.659623093281037298e-02 -1.730379069190975116e-02
-1.221279280178290128e-01 5.326588945549810827e-02 7.499763839741193684e-03
3.972867135800193378e-02 5.121902334454007943e-02 8.371842658561915937e-03
3.148355873327702420e-02 3.707330450764108332e-02 1.101392536878618295e-02
-1.555068453807935958e-01 8.741887090995562049e-02 -5.734493672945520717e-03
1.090334815919380279e-01 2.861431603954883024e-02 2.568438941770929268e-02
1.226420946104910814e-01 6.545169893158522822e-02 2.873213232893222224e-02
-1.465669427775016243e-01 1.001020748450026226e-01 -3.724498073430817374e-02
-2.881359595466562867e-02 3.657868205145711066e-02 1.168023965699412255e-02
-8.051189483789732929e-04 -5.755751094313649868e-02 -2.385706662535965958e-02
-1.115652604284262522e-01 7.878428368460971276e-02 -4.265370161615767569e-02
4.706368994790511434e-02 7.753913493165714987e-02 -5.859149942906439340e-02
-1.868955166570925377e-02 -4.927475045419263400e-02 1.549828585307256104e-02
8.931670778195247018e-02 1.396100263015397601e-03 -3.963138697136764713e-03
-1.013403102767033021e-01 2.139497461394956196e-02 -2.654457185181977041e-02
3.807563450701099278e-02 -1.350095902107053235e-02 -3.323193936996708675e-02
-1.411465819781682618e-01 9.102059319612168520e-02 -3.327894611259357444e-03
-8.596777640673342047e-02 6.069123784200913113e-02 -2.928797026470478237e-02
9.687956381512667636e-02 2.830376906501918394e-02 -3.636891524424039953e-03
1.378360663672014708e-01 5.325713060620919370e-02 -1.800326220949535760e-02
-8.109846976029227994e-02 2.590815429549921459e-03 -2.857451733648057671e-02
5.855394909804468445e-02 -8.202560953395908461e-03 6.834274033947754755e-03
5.001932249296150990e-02 -1.042166833739901176e-02 4.553845156813420003e-02
2.065697146589555444e-02 -3.812272170710342967e-02 -2.605092978316380162e-02
2.584625763479824270e-02 -1.093257398868690937e-02 -4.152177626606794875e-02
8.739991446374014913e-03 -1.404427351776316515e-02 2.598874976556321634e-03
1.148333161081315501e-01 8.801173406569888502e-02 -1.090783385194678094e-02
-1.164408998690193431e-01 2.844239543530140482e-02 4.530759964745651076e-03
9.912945132042491614e-02 6.346431646305403240e-02 1.187820200483792089e-02
1.220654035581211216e-01 7.645107831804585918e-02 1.368372009953344043e-02
7.933878618819033279e-02 4.077052675055355124e-02 5.619859905857913646e-02
9.242839621172849185e-02 4.273060067061711098e-02 -7.290876873669795318e-03
-1.769340794591538549e-02 2.614439007536398588e-02 -1.816682492162953640e-03
1.020647170177202967e-01 3.959012264266177639e-02 3.346603208836874260e-02
