-6.421013506093303271e-03 3.871225378421732505e-02 -5.421615041894616016e-02
1.086338682610966770e-02 -5.942063077073872490e-02 -3.357881546354558183e-02
8.402814863267867029e-02 2.348935369460513137e-02 -4.192709025310406568e-02
3.800643024283452409e-02 -6.727959347448083695e-03 2.566775324449473844e-02
7.646264043728065452e-02 1.776348223623367556e-02 4.673011246807691824e-03
3.828939684224839934e-02 2.107760630396678450e-02 4.315090413951508386e-02
-6.661485855044925464e-02 1.036821149091645029e-02 -1.849247158120238127e-02
8.639539428650398756e-02 4.729097071530066754e-02 -1.635369071585662457e-02
-9.757064026293771342e-02 2.026256756456919564e-02 2.465232032418352218e-02
-5.772540293084455626e-02 3.106593427457750300e-02 -5.691153237113905083e-02
2.407821606413886734e-02 5.199461215320293900e-02 -2.997554525502384506e-02
-1.387627460085142928e-01 5.765370211888158625e-02 1.734959448510531993e-02
-7.623055940800949060e-02 -7.829129188294994823e-03 7.861799478735720381e-03
5.571409235479960614e-02 3.237314010835398714e-02 -1.557249947276260864e-02
7.594647269761611863e-02 5.953768758849104642e-02 -5.881914059522651284e-02
1.010166330942284252e-01 2.634472896935782793e-02 -2.831140609678010553e-02
-2.026159761490278072e-02 -1.387624541199901189e-02 3.819529505938004665e-02
-8.130735394198305988e-02 9.861670006994960325e-02 -5.847749896104174894e-02
3.216472196553184920e-02 -4.080758579337433883e-02 3.048322128091242658e-02
2.748964081069425053e-03 -3.053148207623534137e-03 -4.197071631760550259e-02
3.344473414245974913e-02 -2.749022450256892458e-02 -4.169072624855031661e-02
7.549593615739527697e-02 -3.616217561694466242e-03 -2.143154496548868929e-02
-2.415576087409329956e-02 8.381610751414502944e-03 4.542281114141299286e-03
-1.509980747958435399e-01 6.995140800764350353e-02 -1.754342340785934248e-02
4.942893512179538651e-02 -1.228242870803233563e-02 4.110372985098521836e-02
-6.078700704372006630e-02 -2.697033240334704117e-03 -3.746575714837490668e-03
8.120420426368506195e-02 2.633996119316898629e-02 4.572396695143313150e-02
-4.935563061857082406e-02 2.239202076601719271e-02 1.241577324877723293e-02
-1.153547282229894569e-02 -2.461361577453504562e-02 -5.977561743085008615e-03
8.637327520718614260e-02 2.029124991266557324e-03 -5.628359525839127762e-03
1.218750916846051829e-01 3.861230483343992825e-02 1.109012688298816225e-02
-5.758463763648587197e-02 1.275515697610757858e-02 2.798502404543540614e-02
1.600734082714574610e-02 -4.283506867017360109e-02 4.317876476286229559e-02
-1.782401994130677902e-02 5.298345114545851414e-03 4.333727290443881858e-02
-2.126010997321526111e-02 5.211810763456124068e-02 -5.448969663975752886e-02
-3.437247342929800054e-02 -1.153156230961623584e-02 -2.765746107046202287e-02
-1.295533492920986907e-01 7.337239137673706724e-02 -1.096239353310627870e-02
-6.822639161884974310e-03 3.014760454128157657e-02 -2.486149027016511942e-02
-8.619611009117986167e-02 6.251136756305628039e-02 -3.711371374362042869e-02
-1.037801800976522748e-01 9.147494071626022238e-02 -5.931067116765095099e-02
4.320189235574677100e-02 -1.814368274427976754e-02 2.610396969030924150e-03
-5.063395209134505248e-02 -5.043299834433548302e-04 -2.359965903213968527e-02
-1.792765447985957689e-02 -2.605152132897980977e-02 -5.121920336558402620e-02
-8.536560582215414750e-02 5.996294428887550404e-02 -5.722663031073042111e-02
-5.953118221321978404e-02 -2.496179229293120361e-02 -4.707659341831565980e-03
-1.117921260488491907e-02 1.087660118977901505e-02 -2.796024860280477142e-02
-1.254899143094498903e-01 5.029865957007976368e-02 -2.755309109623584399e-02
-7.921587060076522302e-02 4.381684372599894961e-02 -2.963476360229163470e-02
-6.928804366834469264e-02 -6.387310562995374488e-03 2.703453508592505022e-02
-4.364504785675609594e-02 -1.174473382370999630e-02 -8.623942598781478286e-03
-1.180611008679559037e-01 6.055972469552853288e-02 1.042482702182142076e-02
8.840613373337613545e-02 1.125798713544132190e-02 -2.479096995896009833e-02
1.832502344809806144e-02 -1.008769774926579314e-02 2.709952193177259452e-02
-1.785269383305000679e-02 -4.208501736817528774e-03 -3.926007142404602107e-02
9.423881790336580133e-02 1.079993461974725413e-02 1.061409654361574958e-02
-7.884303743858475655e-02 -4.140489683307582193e-03 -1.220314552304993874e-02
-3.421649667523617242e-03 -8.411470797502134528e-03 -2.371646466351137739e-02
-4.188056137448871452e-02 -2.034783411084162275e-02 9.340544959866865782e-03
3.409969301401886976e-02 4.931641625851973521e-02 -1.213373849045484495e-02
4.559874341855356394e-02 -8.063674210915914783e-03 -1.835116010010812843e-02
3.953060748062558333e-02 2.487559380710659823e-02 -3.872398981243247579e-02
-2.030376136636317681e-03 -2.606719261215144703e-02 1.539141971710412948e-02
-4.293327243057851184e-03 -7.100415367535983791e-02 -2.757152418254378914e-02
-1.508518867720113343e-01 8.751909537612960477e-02 -3.980461510541449116e-02
1.344354621957903340e-01 9.020361681596152092e-02 -3.023233421753787967e-02
9.356830682319321191e-02 1.928021106536188453e-02 2.882919314404432110e-02
-9.137301954931605075e-02 1.042556510693203563e-02 -1.775816564468556472e-02
1.250779906665043691e-02 -6.913333546716518563e-02 -1.618619334864851780e-02
-1.056157471666561154e-01 6.803849957373056534e-02 -3.009912537514909323e-02
1.681232653351163314e-02 -2.203856053903114134e-02 -3.201513906054992420e-02
1.088182583688713373e-01 3.215055494113298884e-02 2.560552381733137428e-02
-7.666967144890977914e-02 2.801290016063254576e-02 -4.908707657852903056e-02
7.578721937117673113e-02 2.645435447777512092e-02 -2.165645172028453011e-02
1.335902379740139083e-02 3.602016221912125726e-02 -5.542178393601564224e-02
-1.029318266564907963e-01 5.076195002853454985e-02 1.909077222557549469e-02
-8.763287163805526248e-02 7.968031287189601686e-02 -5.964855576234786433e-02
2.264988690774371108e-02 -4.371747300250974910e-02 -3.729679839823154403e-02
3.084649051175658574e-02 -2.398907062773685331e-02 1.859548070621205862e-02
-2.575256572875268823e-02 -1.224732341732033027e-02 7.241761672791967742e-04
-1.029095408036232416e-02 -1.019113812316468741e-02 5.569318230114341656e-02
-7.134617838411495827e-02 4.570137629955221131e-02 -5.716860327261587965e-02
4.041232440902337020e-02 6.239204689913275745e-03 6.390965793550313322e-03
-1.273987772934655899e-02 -4.802825082963907422e-02 -2.078006599657262077e-03
-3.033389140115474655e-02 -2.562170391963503047e-02 -1.406622957381964412e-02
-3.111646384585273900e-02 -5.283541264831582290e-02 -8.291512446212231241e-03
-6.338523214445430931e-02 3.278072455227630522e-02 -3.491843538308594258e-02
-5.195535892847052972e-02 1.682600114283854670e-02 4.762335561995322680e-02
-2.088661490399092852e-02 -2.269300114964543664e-03 -1.615435259569331095e-02
4.606220559636231083e-04 -2.796345614328276524e-02 -2.213539829981025012e-02
-1.236719585880043520e-01 6.369248747358380314e-02 -4.229062906467027927e-02
3.378839031077000843e-02 3.900010315712585524e-02 -5.978377356261208725e-02
6.102509295617537105e-02 -8.333503331745288276e-03 -3.441879849909691008e-02
-4.882061511714156504e-02 4.870546036267479201e-02 -5.995849602348340968e-02
-1.380981060753432021e-01 5.539437039383281192e-02 -1.289233248944439587e-02
2.583349773695376925e-02 -6.725848099152822654e-03 -2.255149717767519074e-02
-1.780188514407773578e-02 -2.229190783084070149e-02 -3.074476557026051965e-02
4.695156149873922630e-02 -3.697729900447217083e-02 8.281870610896904447e-03
-1.404619974482146094e-01 7.127273828760348484e-02 -3.450622398617828740e-02
-1.794365762666799008e-02 2.334948117387572117e-02 -5.979529236163034361e-02
6.200080142778306019e-02 7.107828334155413472e-03 1.422707907119316779e-02
-1.057945331275780138e-01 4.739992998536681629e-02 -5.267229238447487241e-04
-1.193503136542963389e-01 3.641085031036209868e-02 -1.217100696584783384e-02
6.637994726666623935e-02 3.467932901379238569e-02 1.187682724931679156e-03
-4.041634775943573482e-02 3.216083926764402856e-02 -4.144720791140787952e-02
-2.379689315293749812e-03 -8.112300079324923086e-02 -1.042766347316245387e-02
-4.737900677471427319e-02 9.750559467716291484e-04 -5.018777473332818734e-02
-1.030409755406204095e-03 -8.705144431421393131e-03 4.639019331246991483e-05
1.504424170344834666e-01 7.261714569685628895e-02 -2.381533094524007285e-02
9.325104577122059202e-03 5.338794676967509312e-02 -4.635187483475088771e-02
-6.285984103675108792e-02 1.355102214992586276e-02 -4.874290148186866123e-02
-5.173201441355722990e-02 -3.334050963117102424e-03 1.764780190828757825e-02
5.155141236210331740e-02 2.281111810364245748e-02 7.466494812844315897e-03
-8.444955263360978681e-02 5.483557036545078610e-03 2.168834033919245230e-02
1.562146480765055391e-02 3.440818140789722330e-03 -5.929974770970819486e-02
7.894170004217136716e-02 4.181517468176223357e-02 -3.406451922214603217e-02
-4.834890835852028584e-02 -2.707101782027726208e-02 2.741192222858413949e-02
9.610927820240965092e-02 4.130633157574366277e-02 1.318117623558928003e-02
5.996372338086661952e-02 3.918493765701799858e-02 -3.998028040648303472e-02
-1.239133978411143394e-01 4.500817544984685170e-02 2.177415743789858429e-02
6.370836716985721349e-02 -1.837630637605456099e-02 -1.493524068323889668e-02
7.292336183910523573e-02 7.329946840431296982e-03 -3.801838199465035900e-02
-4.983772326315110551e-02 -2.820130640418442788e-02 -2.350605874052756269e-02
-9.002899809994095726e-02 5.324289526618752356e-03 1.841871352403011636e-03
5.244595093230612626e-02 5.849108633621300651e-02 -5.974707644815099861e-02
-1.247072247711418676e-02 -8.095302498904752980e-03 -5.812049480032725063e-02
-2.513412898755855787e-03 -4.015501512660030192e-02 -5.177023542406496842e-02
7.989995562407842256e-02 -7.265372740275250363e-04 1.845487097784425171e-02
2.360544308788862372e-02 -6.111959073676765525e-02 -1.606136240712324184e-03
-1.488096641436975100e-02 2.765030326210282663e-02 -5.646798695490183422e-03
-9.220983814572684348e-04 1.918479650966669735e-03 3.310291383513788710e-02
4.854304368350377541e-02 -2.685297421596891804e-02 2.744864121578197147e-02
-1.068969285882384740e-01 5.369630025096918530e-02 -4.661597853794723773e-02
1.350508452322343039e-02 -1.756978559731896955e-02 -1.112854448958117311e-02
-1.160726449687448647e-01 3.236095838103444228e-02 8.420927561144006188e-03
1.951506510514203555e-02 2.050362582920985111e-02 7.795465553270498546e-03
-6.862181147023180272e-02 2.889907286992090055e-02 3.358414520850825508e-02
-2.784423952017436518e-02 -5.547223186792610283e-02 1.126038718800447154e-02
1.136570761910062066e-01 3.057583262483199588e-02 -1.169780706823526743e-02
8.747488704954607674e-02 3.273803962519568345e-02 -2.684109504408735761e-03
1.360076826831556340e-01 5.168856267661619402e-02 5.685885466400118077e-03
-5.108295515983044682e-02 1.714218574759354338e-02 -3.298060574015758417e-02
1.972011993180981110e-02 -5.605978014197643411e-02 2.686306167474038220e-02
-6.447364966772009542e-02 -1.476738115940983732e-02 -2.118332942585446702e-02
3.270755842752517961e-02 5.869092566388971893e-02 -5.645568775981326531e-02
2.418412385072058607e-02 1.029718007114507200e-02 5.331415236852957845e-02
3.465358267682525084e-02 3.031888571225872797e-02 -1.837267868057198758e-02
-3.329975561413883733e-02 -2.931503135564045293e-02 4.037720360518740059e-02
7.157944275761678159e-09 -7.539612724194383331e-02 2.742013529447787784e-02
-1.629274280251905016e-01 7.827119161254439406e-02 -2.052478077330633591e-03
4.843940588805818737e-02 5.470449146809297503e-02 -2.624808032528983676e-02
3.328946269411242609e-02 -2.319960493869125534e-02 -1.401087392655129063e-02
-9.060582862041921537e-02 4.236722487195378889e-02 -4.930778494463508577e-02
6.189516544207006310e-02 5.898817634062639148e-02 -4.197915630777786927e-02
-6.912576421920364235e-03 -3.329976208424521855e-02 3.357003975109457139e-02
4.346362863977477897e-02 3.530050862342035828e-02 3.000724600481319629e-02
-7.086954815121867916e-03 7.387291965369834242e-03 1.488673963437979302e-02
-9.674348681862740551e-02 5.133185842777836932e-02 -2.363979545528570314e-02
-1.354406623801430315e-02 -6.939698173673056192e-02 1.250141339854991124e-02
1.536632143266933488e-02 3.545297260634480002e-02 -2.300160320099472674e-02
2.749292108107388027e-02 1.196890229743622150e-02 -1.491466809663184213e-02
3.344559489452753921e-03 -1.685671740456141238e-02 3.848867686366295310e-02
-3.025144947690714542e-02 -4.474465913031631936e-02 2.801939238021187994e-02
-4.276725888350508403e-02 -3.995185123912794317e-02 1.318538754550175468e-02
-8.521628813809518964e-04 -2.271242630350952391e-02 -4.137882456663090347e-02
1.472443561402841244e-02 -1.736119370435636883e-02 8.820442506333531912e-03
5.543432863823188894e-02 5.227992067207485986e-03 -4.827416718322544154e-02
1.417533997085454467e-01 5.884781122263037928e-02 -1.220067664551637530e-02
3.264841803237016060e-02 -5.018402617566859042e-02 1.279911189482810414e-02
5.876163655096940108e-02 4.427928307569971300e-02 2.071140856166841376e-02
-1.126067447697496823e-03 -5.312063115891198922e-02 -1.886412314250595842e-02
2.707416385364234263e-02 -6.008685327096634221e-03 -2.065122718533068946e-03
-6.201994886612427482e-02 -2.020180000605422896e-02 1.455169054553825773e-02
-1.620835229646799477e-02 -2.889698838623108723e-02 5.073824507860943966e-02
-2.672840459060839800e-03 -4.359115785055719949e-02 5.025858902230258968e-02
2.450285504573246342e-02 -2.534814050137056823e-02 4.776579233997908097e-02
1.185993569223181554e-02 2.316051915994498094e-03 1.098318607733007705e-02
1.029312230175695279e-02 2.122101997396389807e-03 -1.238716468642368611e-02
3.917875279331298199e-02 4.475141458251243737e-02 -4.091693224869606682e-02
3.923508179935201318e-03 -3.710577675708472134e-02 -3.769424788842634395e-03
1.095600865782973658e-02 -5.802837614114216870e-03 5.412711987137598657e-02
-1.618420498845694888e-02 -3.867944183231205452e-02 -1.941611104192066811e-02
-6.652163247177778072e-02 3.157293782212310801e-02 3.748197319855287209e-03
-1.429164973113260066e-02 -5.467974953642866509e-02 3.482451695218294341e-02
9.707016877402914468e-02 3.759922993211412684e-02 4.108956129446720423e-02
-6.634611854028560352e-02 -1.417447300919045389e-03 -3.595057842185173796e-02
1.786652090534280278e-03 -6.170442182588770086e-02 -1.049311417617854831e-03
-3.436484989608520890e-02 6.614879714703268514e-03 -3.606163575459520737e-02
3.726644045745636236e-02 -4.708049330300660001e-02 -6.401442051069800541e-03
1.081835362591825472e-01 2.464776620628112910e-02 6.913718710609292016e-03
-7.340412031957634087e-02 1.066885710848573636e-02 4.029115589530690711e-02
1.425233797280507815e-02 -2.993535506129012605e-02 2.801020644694846365e-02
-5.991316586859187637e-02 6.534288242120037116e-02 -5.978749788325010694e-02
1.009656938757457073e-01 5.632051875704281729e-02 -2.665639818595285163e-02
-2.226715887353375098e-02 2.201228049427810321e-02 -4.031427938790280857e-02
-4.534775108434720842e-02 -3.883700923445857628e-02 -7.176774299298737184e-03
-9.557613347806802329e-02 3.420751909574402255e-02 1.047706660908617575e-02
9.998315216375509851e-02 1.620230474180681807e-02 -9.251944273412795669e-03
-2.623858024293499597e-02 -3.435343537132866387e-02 3.442045581906015908e-03
4.440807597613745383e-02 -1.117577719859547125e-02 -4.526957015949694546e-02
-7.514843559789924701e-03 9.074950258441795772e-03 -6.520237047706889562e-03
6.684728245566594340e-02 1.157906652492588125e-02 -1.172527976402132528e-02
-2.701522645784715931e-02 5.622377932497255211e-03 -5.796530727392181642e-02
1.274542525087607181e-01 4.493084089883871146e-02 -1.352762479013969697e-02
-1.377340665085840382e-02 -4.216101702229581305e-02 1.700977813686432860e-02
-7.935528069344316426e-02 2.430739379197838571e-02 1.726068698450856226e-02
1.956230337199604125e-02 2.530569040889095456e-02 -3.971613322089218717e-02
6.066265972522408984e-02 2.446344100142808925e-02 2.519159500869264795e-02
1.047791206536520803e-01 4.682618341934254719e-02 -4.141544697457652871e-03
3.773646308782469677e-02 -3.939133939214781166e-02 -2.486234599131603024e-02
1.254081624096191339e-02 -4.325808406337956769e-02 1.319995559661200392e-02
-6.424193336204833682e-02 3.820413654454479085e-02 -1.562379498537080393e-02
5.226124699888891334e-02 7.825132779168038344e-02 -5.667019449519989510e-02
3.590287064663257727e-02 1.911940596815127694e-02 2.101144235714537747e-02
7.918813394148478679e-02 3.026343501653213156e-02 2.031834907617640143e-02
7.505593075054693697e-02 1.265717115640595768e-02 3.249875701682805595e-02
5.053398728470996637e-02 -3.285117265708535628e-02 -1.095427959926166712e-02
-1.081213997433532609e-01 3.585871987066013844e-02 3.137220896489211625e-02
4.422195815005206671e-02 4.777212835935283966e-03 5.309934965138908558e-02
9.571237597459548996e-02 6.209776077580716341e-02 -5.493286953131332889e-02
1.326679462970184464e-02 -6.936012130695626277e-02 1.340120969112892392e-02
5.954860712297211506e-02 2.088928907171798757e-02 -3.191901776776628896e-02
-6.616968619935852114e-02 5.476741394677623470e-02 -4.010111713112868292e-02
1.300014962307509958e-01 8.614739507777231797e-02 -5.122728927316136383e-02
2.554411915692950119e-02 2.078566115550714577e-02 -5.983295825393865341e-02
9.211859917116323182e-02 4.333730726138487754e-02 -4.902691892190864237e-02
7.358412256157552400e-02 -1.108559433915662709e-02 2.363321745196632958e-03
-3.384273660986788015e-03 9.642200680787615594e-03 -5.976990479285804181e-02
4.641313018838858634e-03 -5.888785696494421018e-02 3.967408104948078745e-02
4.216594614469017926e-03 2.019804418133671828e-02 2.682419853053564021e-02
7.335916359734556691e-02 4.005694330852722224e-02 -5.511991286659514294e-02
-9.193514464879100345e-02 3.701429126092315586e-02 -1.052561845852562419e-02
8.709754099973914671e-03 1.170087672559195525e-02 -2.986603284764096505e-02
1.095593857233409379e-01 5.236914360631720472e-02 -4.427869864435454023e-02
-2.208794308949954197e-02 -4.168596212493953096e-02 -3.946718876647554303e-02
-3.537417342030230172e-02 -4.197376101959048034e-02 -2.452994903539697583e-02
-3.282574135712260782e-02 3.670361452890352066e-02 -5.983543496879686896e-02
1.186236783879855983e-01 6.958909484544750779e-02 -4.889228272015221088e-02
5.021799577393509101e-02 8.304553603700139466e-03 3.063124935844386762e-02
-4.385566117821748655e-02 6.255880221330464494e-03 1.959044850462035494e-03
5.380021597632741320e-02 3.855299073784123481e-02 -5.899076137333833514e-02
-8.043315801206794846e-02 1.276885999278439855e-02 -3.603921352659066740e-02
6.234760594640823689e-02 1.140865501370424973e-02 4.788839481357667904e-02
-9.419663021910588963e-02 2.725281265864284985e-02 -3.672527217154846618e-02
4.538706592836833781e-02 2.048858882793723121e-02 -5.733602150378701995e-02
-6.803865985196914934e-02 8.358839768568995798e-02 -5.877308150291842004e-02
-5.182737908155741341e-02 2.272479018443741144e-02 -1.313158171578520869e-02
6.527425806721460361e-03 -1.432221255362896295e-02 -5.807171872801547563e-02
-3.243425441511478546e-02 -1.229313449228139170e-02 -5.089185686355859189e-02
2.609066313833307768e-02 5.992865634240860349e-03 -3.798042825245504656e-02
-3.601917037437408348e-02 1.080390744914187622e-02 -1.595263314064878854e-02
-3.396748773249409076e-02 5.079537844198400015e-02 -3.816857299576766754e-02
4.709565038259787284e-02 1.467063110101652669e-02 -1.207002060937052354e-02
-7.903761069042555820e-02 2.583039861583793714e-02 -2.093927831205387446e-02
-1.980385108426567856e-02 -5.771728370682827763e-02 -2.427968552279580541e-02
-3.441421942996825828e-02 5.451567956464353076e-03 5.545244746371153638e-02
6.604876360420543213e-02 -5.196390224123618486e-03 3.253366956323366227e-02
1.158493095735002865e-01 4.947087642413213610e-02 3.272047894573950483e-02
7.289398866467469706e-03 2.181348608167999262e-02 -1.082557309256397884e-02
-3.652261703132993198e-02 -2.785780698151694990e-02 -3.900363672598137349e-02
-1.098221634390032508e-01 3.920647653694203649e-02 -3.314941857518134000e-02
5.615993981340167140e-02 -2.469088855640594760e-03 -2.329311131062360759e-03
1.370706899734031314e-01 7.226946176036465330e-02 -3.868119252568003041e-02
-1.300188878291942685e-01 4.536608696038423733e-02 2.407550194638217057e-03
-1.040772071879273175e-01 1.929599467634332544e-02 -8.148156766041854231e-04
2.363234471944659215e-02 -1.130623498971057919e-02 -4.815276454434925385e-02
-1.187591163596692367e-01 7.971772224339039592e-02 -5.319893499049866553e-02
-3.312840911636878716e-02 -5.949714411715527167e-03 2.466173326571305391e-02
2.493110756007725290e-02 -3.326174976412060030e-02 1.115211641994614004e-03
2.634665215834556835e-03 -2.538435088692778119e-02 5.655974806565080421e-02
4.324163839663715370e-06 -8.373608906206349289e-02 9.242543405870431647e-03
-1.490477567940922676e-01 6.432848428181514588e-02 1.548718611386663661e-03
-1.146947277320009700e-01 5.966895356270363049e-02 -1.356565578676813440e-02
-5.125897158734152997e-02 -1.438226202660759963e-02 -3.798143948990020252e-02
-4.122267053375799906e-02 -1.205682453661732073e-02 4.663732427536566166e-02
1.506683898579647303e-02 -3.071449254450294916e-02 -5.045375643128293536e-02
-4.172137374559724970e-02 1.908262451456914019e-02 -5.649886973424400605e-02
2.521315263531511905e-02 -5.437171613336509030e-02 -2.057803572010494589e-02
3.469638848751219196e-02 3.241239577187787074e-02 2.599034969749666919e-03
-7.645965106124056818e-03 -5.547653280290147648e-02 -3.998728565051649225e-02
-1.666285230040621262e-02 -6.752203102907428089e-02 -7.147676186268722177e-03
-1.450790712710003233e-02 -1.093335643905574833e-02 1.927702485173281646e-02
-6.639036623392748082e-02 1.063032499851516294e-02 1.007215870703221869e-02
6.613226385327480861e-02 2.187252027257352224e-02 -5.108294449152940564e-02
1.148213931733987475e-01 4.076592193241514173e-02 -2.886388557299779736e-02
-1.048687404406659918e-01 2.502274021771438289e-02 -1.995343078185870742e-02
3.026950407426082235e-02 -6.543518940388385122e-03 4.439374560848109719e-02
1.177702725301751768e-01 6.213272218481480369e-02 -1.032800983341754242e-02
3.526411845559406649e-02 3.335899647553155004e-03 -5.555055215140287245e-02
-1.349427318417496247e-01 9.131691964690634433e-02 -5.131625370085633048e-02
-4.187963866639588602e-04 -5.662248013280361814e-02 2.048064943637312521e-02
1.271843765157174566e-01 5.601338836323442594e-02 -3.259151199685583755e-02
1.826538815107484753e-02 -3.587313400308123068e-02 -1.764645229653780123e-02
-8.844677245841610358e-02 3.458608235157743793e-02 3.522407569030719388e-02
4.503374964727410029e-02 7.147380165824016029e-03 -3.130276558091200922e-02
1.037382723178947169e-01 8.022454187335849307e-02 -5.755270168768358841e-02
-5.783858745548413338e-02 -1.648919377904800110e-03 4.272784705234021485e-02
-1.537568126592607715e-03 2.163603720357344662e-02 -4.387269571832203008e-02
4.934568770384668845e-02 -2.397211535292335938e-02 -3.008138391500883926e-02
8.230298725204872323e-02 7.846891134729862272e-02 -5.989373769122809804e-02
6.041701928830799095e-02 -2.266676907035583555e-02 1.192668746546360521e-02
