-1.498392622978050037e-01 6.589297962466640624e-02 -8.603372360354627837e-03
5.776364990067430621e-02 1.613353345337874972e-02 5.219382274788554599e-02
-1.434595900953490513e-03 -6.517197387941303655e-02 -3.708277610449747103e-02
5.067439442739101602e-02 -3.287366986025065749e-03 -1.596337683703435983e-02
6.954834774662034536e-02 1.413426960816355042e-02 -1.243694985965447183e-02
7.624874925212897503e-02 6.299540928014520091e-02 -4.171872254700925708e-02
-6.372825930352996049e-02 6.723473464566985525e-02 -5.985373607152626868e-02
7.857284357854954493e-02 2.741536482638539871e-02 -2.435995931440544313e-02
-1.082726034357528594e-01 5.092513308912028497e-02 -4.417787039629739870e-02
-1.135935455643858477e-02 3.981730021868511160e-02 -5.643986683878079308e-02
1.525750586899667915e-01 7.232643495440424508e-02 -1.910164974039921595e-02
-5.991991148220680158e-02 1.949610113898755243e-02 -3.144529008017907939e-02
-4.587613566992113784e-02 -2.147927279199770764e-02 3.635612077396820074e-02
7.353316575079391071e-02 3.665734843145788263e-02 -5.398377929356546617e-02
-5.104713158408930376e-03 5.514394398699852540e-02 -4.523534425067696207e-02
2.887961673443634886e-02 2.012924612195342300e-02 -2.164304557323980596e-02
-1.704048957346648158e-02 -3.173780454887963759e-02 -4.902604210585292249e-02
-1.045109774649078394e-01 9.033662137108425250e-02 -5.912099010053131765e-02
2.375745713602539846e-02 -3.522525784998374598e-02 -4.308684643820545612e-02
9.620559936990913386e-02 2.181428370922495683e-02 2.869786015179093611e-02
1.871924071251655775e-02 1.463540128946966279e-02 3.465280581141366723e-02
5.959870719141358020e-02 -2.419150488877714125e-02 9.147325578296028672e-03
-3.205737517592617547e-02 -1.370693989426786073e-02 1.522335144255351465e-03
-7.715205194553483026e-02 6.083160441208361295e-04 -2.576203407723028430e-02
8.242629755905379885e-02 2.401003285511972563e-02 -7.336039632006661343e-04
-3.559732084986291095e-02 8.132025063391706138e-03 2.763957346285240632e-02
1.083416537080007791e-01 4.826984234668615231e-02 -4.224323218438439526e-02
-3.671218926277797223e-02 -2.831172333273431624e-02 -3.850159463220513556e-02
-4.850598438729931960e-02 -1.192665407810781369e-02 -9.701866971476038465e-03
4.058089406292610113e-02 -4.292014633100176002e-02 -8.555500490554304380e-03
9.764778100536211647e-02 2.212082521145239053e-02 -2.718835740967688944e-02
-5.207764319909139600e-02 -1.580871812307755100e-02 -3.583638920246125237e-02
2.800405014345091342e-02 -5.571362627013827507e-02 9.358602970035904620e-03
-1.234437703525440855e-01 6.385789249458029282e-02 -4.257829922297758779e-02
-1.534482013915385024e-01 7.652474785696368464e-02 -2.522726355998600525e-02
-3.826788821674020208e-02 1.611475145678902682e-02 -1.642187167065087966e-02
-4.750439416187768327e-02 2.995053401604807347e-02 -4.396739982807523067e-02
1.386711128059409381e-01 6.759681254503591141e-02 -3.267400175998790013e-02
-2.853574189173670173e-02 -1.124570421494477642e-03 -1.361296497506184373e-02
-5.432336743769274057e-02 4.323583656302321110e-02 -5.942759783834774406e-02
2.650400172505128563e-02 -5.696788487729041728e-02 -1.054476154043113012e-02
-9.682483888991661944e-03 -1.251970720254126125e-02 -5.782927517506134679e-02
-7.418327319269578390e-02 3.007679759782668633e-02 2.612873644616984029e-02
-1.628929158774755290e-02 7.617811404302449532e-03 -4.088959340442329532e-02
-1.813301771276638191e-02 -5.072015694600594954e-02 -3.493755887163458446e-02
-1.408599154305669177e-01 5.756108930328977108e-02 1.089750953181329966e-02
-6.817643649888253943e-02 -1.659503816697891626e-02 -9.480150717916963629e-04
-1.388535097528650064e-01 7.714553468189204455e-02 -4.100790643269568159e-02
-4.224057325780290056e-02 1.179879025525949060e-02 -3.674593464876461935e-02
-2.529866803544625689e-02 -8.606248278873419519e-03 3.132507127581072442e-02
-7.314143746718103356e-02 4.975059137776158269e-02 -5.758881542867850395e-02
1.246283822552222021e-03 -1.886448606058019339e-02 -1.978923547769020561e-02
1.017203051882916431e-01 1.783268332537461809e-02 8.742533752912810471e-03
-4.751286864640021090e-02 2.052307755408480996e-02 4.414193673469875637e-03
4.353415743261165177e-02 -3.304400182828418769e-02 -2.568803690630683603e-02
-1.405316626762135104e-02 -6.502283186691248940e-02 -2.157213245952747591e-02
-7.622968138905047986e-02 1.918102629584403709e-02 6.418567655702638042e-03
-1.011168177589788914e-01 1.982753613491213679e-02 1.711753805215692273e-02
8.431650436910057000e-02 6.926228431514820649e-02 -5.902219374104336613e-02
-1.117013800104125869e-02 -4.153892418692810284e-02 -1.860848151627605279e-02
4.762194452026329711e-02 2.219028076310514824e-02 1.400020065314560268e-02
-2.716399969940682183e-02 -3.058285712188951733e-02 1.103580066018906847e-02
-2.888035204103340733e-02 -4.741200345192422144e-02 2.612890020201669161e-02
-2.836117039594584360e-02 -1.541932283639800040e-02 -5.129727610352974310e-02
1.230546129708874059e-01 6.769650108481485573e-02 -1.845303965720362580e-02
7.346100766103906554e-02 -1.025648105349765034e-02 5.441033617879156327e-03
-9.352543742522825831e-03 -2.118373390937596662e-02 2.846288341337224054e-02
5.016410582765234993e-02 -1.066940761090017648e-02 4.174833044528546838e-02
-1.055679195543002963e-01 6.822423426133121527e-02 -5.384106034305564253e-02
7.069666327917592530e-02 1.355038817814922802e-02 1.163137811438257584e-02
1.218747879008015983e-01 3.762391128627642217e-02 4.012602578818569993e-03
-3.594317025622648792e-02 3.537451685688208780e-02 -5.997434712657126465e-02
6.674707360400006922e-03 1.599399127761228986e-02 -2.437562137483643282e-02
4.816316174573093134e-02 3.749679054625931068e-02 -2.481038109505169162e-02
-6.050362965250193764e-02 1.660743144974727997e-02 -5.124383417569512017e-02
-2.622280824542008726e-02 3.381335576656248863e-03 -5.771285502253428040e-02
4.260560691780514164e-02 1.460825991462484999e-02 3.274956994118385228e-02
4.394807780771878281e-03 -3.844785386300225705e-02 3.206902637158587366e-02
-6.444190486389678174e-02 6.418162040669602927e-03 -3.490952328195894364e-03
-2.637471241302109456e-02 2.384346860963098072e-02 -3.497831474967121740e-02
1.092216595829363993e-02 4.458780405202866781e-02 -5.501761111365589124e-02
2.889005578691618628e-02 -4.652546190041607216e-02 -2.741416178840828596e-02
-5.368798498998456764e-02 -2.199603750315362637e-04 2.907778835888555000e-02
-3.563567580929041106e-02 4.874280213736697544e-03 7.911252741518189427e-03
-2.793554920922673365e-02 -5.548075517407874413e-02 -1.080280537497443384e-02
-9.514898035188942838e-02 4.531172707819202533e-02 -1.559697743630248865e-02
-7.572984610322924803e-02 3.137755778061129125e-02 -2.848227355552857692e-02
-1.276917803749528235e-01 4.337353057795744621e-02 5.868659588531817926e-03
1.113407397712597446e-01 3.144779459922156239e-02 1.985527390619635027e-02
-1.284828497041420534e-02 -6.641638660297629129e-03 7.172970824077508356e-03
-1.939802851101412803e-02 4.228954485723213086e-02 -3.829127299334503937e-02
-5.243827550635995300e-04 -5.442023577778510451e-02 1.337163404689698659e-02
-1.548840489955311817e-01 7.182260411574400982e-02 1.163825817635940132e-02
-8.227488619137035553e-02 -2.446939529763028556e-03 -1.658259301253917030e-03
1.561988403579073030e-02 -2.305523968069268792e-02 -6.536934619068780067e-03
-1.162887560803593234e-01 3.881341342375715930e-02 2.440154948238383581e-02
-7.770456361170590914e-07 -7.483287404110362806e-02 2.827090590526443528e-02
-4.433373146006153870e-02 -3.400977677667193534e-03 -4.957058463280816785e-02
-7.948608909859897209e-02 5.777561535798590026e-02 -1.204504459516950871e-02
3.556911419716422829e-02 -1.170612891107101518e-02 -2.600306276223226035e-02
-6.916024559374962799e-02 4.065802529757343853e-02 -1.144578979832890954e-02
-9.639432736696057491e-02 1.169405869794472655e-02 -1.961020477144073768e-03
1.072310450204910087e-01 6.620031594804277886e-02 -3.288736050303051744e-02
-1.386629335581398004e-01 6.313630066664249751e-02 -2.671487901684974769e-02
-4.400244152140581760e-02 -3.556676736708398734e-02 2.058307389990276376e-02
-2.833771314287998849e-04 1.349766988032624106e-02 1.422881726230818510e-02
-8.512276727185079384e-02 2.861910080808044085e-02 -1.104674532513402231e-02
6.742727846746417175e-02 -2.301350256623964450e-03 -3.406035356684754961e-02
3.317009558347430026e-02 2.134860586410761846e-02 -2.045612973135344913e-03
-1.652030207760782007e-02 1.274365800170062027e-02 -2.156303379219413202e-02
-3.837740075414092233e-02 4.759795046966151105e-02 -4.169516221624627872e-02
7.755281082522277880e-02 4.752221168325483636e-02 -1.562412996414558504e-02
-1.068407852326159757e-01 2.426421625901112322e-02 -1.346379632419323139e-02
9.157695599171784828e-02 4.311845055313166808e-02 2.209665005045899702e-02
2.148143908487760295e-02 1.917634109349160287e-02 -4.050230962154842407e-02
-1.094015577949335738e-01 3.573409684985690005e-02 -2.961801829011404680e-02
5.023110744967137359e-02 -4.480493709131089242e-03 -4.583345615348592694e-02
2.774361074656476675e-02 7.157799790201817280e-02 -4.350894108077278666e-02
-5.542159867286561986e-02 3.037812588234964622e-03 -2.102288854285999306e-02
4.462131283615064850e-03 -5.903089084625238320e-02 3.968644757567357795e-02
-3.731274404015657437e-03 -4.663351593182543664e-02 -4.818992592464638874e-02
-1.163706398301750725e-02 -3.925441745723857317e-02 2.015735554587455222e-02
-3.325041034441379717e-02 -1.937920066972280420e-02 -2.027957756274068740e-02
5.005508629152083389e-02 4.687216769507655811e-02 -5.984260714296921191e-02
-1.066307584357072263e-01 5.569663049256132897e-02 1.974979599226409435e-02
-8.389146390429515210e-02 3.076677714119468651e-02 4.668008593871507406e-02
9.593436700422773578e-02 1.222790342530169667e-02 -9.596658253963446725e-03
9.775223050566372689e-04 -2.390102349557076886e-02 4.537126969963939382e-02
-1.363894461973653160e-01 9.384621606150682360e-02 -5.173660553870818024e-02
1.499953297522524376e-01 6.559977603513862665e-02 4.825022642895163312e-03
1.315228402505303450e-02 -5.159571692632206746e-02 -3.871787462972006016e-02
-5.096551888612419617e-02 -2.862730765274179232e-02 -2.052860804787458651e-02
9.334415572010033857e-02 4.833287587096352783e-02 2.369554896984706841e-03
-8.722048245700093905e-02 5.503165121710027440e-03 1.601456730661515032e-02
6.738997018072553913e-02 3.714108499112352829e-02 -1.891120045653645835e-03
-7.455808402473500240e-02 3.083465163712576299e-02 -5.131625395041813226e-02
1.364898824304988656e-02 -6.835828017180725635e-02 1.518829732410930874e-02
8.323950359371845575e-02 8.280014758775612257e-03 -2.791531373216137729e-02
3.206608192113816203e-02 -4.141858106084079019e-03 -5.418712486634002373e-02
9.398814909238251136e-02 3.435755275843917211e-02 -4.257097049978662839e-02
-6.206868019951707754e-02 3.381020896065549397e-02 7.501359780306304792e-03
3.403507316929991339e-02 -2.241900175467622172e-02 4.319527771262762078e-02
-5.578943596787472575e-04 -5.745761285629331222e-02 -8.903195392841060929e-03
-2.656239843747271873e-02 5.279014032962448671e-02 -5.698606483290536567e-02
1.107884614708252169e-01 8.209129978299527231e-02 -5.639596865444462814e-02
5.766072406215481255e-02 8.475336460592215737e-02 -5.327641891630210957e-02
-7.287277936374672582e-02 -8.355939060348338901e-03 1.725855757643613569e-02
-2.636246995070644361e-02 -5.744972524991575485e-02 9.018351409101546881e-03
-7.728438892705094543e-02 1.443561467143644229e-02 -4.020761494243467460e-02
7.184347181206759969e-02 4.483121579135859042e-02 -3.459805250398774457e-02
1.954433167952035477e-02 -2.431510899342646456e-02 2.953781424643732098e-02
-7.712793520320307579e-03 2.556564345173973490e-02 -4.290113767991079324e-02
6.971828356440507024e-02 5.559794978727761183e-02 -5.911295112085634268e-02
8.078581997416954674e-08 -8.023473203725829672e-02 -1.928230077998841982e-02
8.832339035813487060e-02 5.010544328778218648e-02 -5.352044507159221115e-02
-1.239538844484940477e-01 4.954728398976704362e-02 -2.862368893901433634e-02
-1.046957740396750464e-01 4.687005808658833983e-02 1.902529349947722302e-03
-1.396465733890009386e-02 -7.071785140042283202e-02 -2.250925186202399394e-03
1.564874559977724455e-01 8.596849969513180312e-02 -3.319650301271069581e-02
5.545257016860070248e-02 7.579560333671245959e-03 1.646776171866792143e-04
3.556650310702692136e-02 -2.334117809928843573e-02 -9.744601170563017140e-03
2.022291356204516249e-02 -5.465102313976753085e-02 2.818079251933473459e-02
-4.019768604438860027e-02 -4.444627937134890128e-02 2.781314317786837218e-03
-1.005991975703202229e-01 3.075550155857164486e-02 3.389275919724857311e-02
1.800336058266109596e-02 -4.469846170315787057e-03 -3.996920611820705543e-02
8.109414093280021413e-03 2.478816109221545008e-02 -5.510556105830016066e-02
6.161841067275018735e-02 2.775681824098979317e-02 -3.649401537321370070e-02
1.354797409165433598e-02 -7.096877083590609481e-02 -4.624740862663567764e-03
3.523834875120907678e-02 5.151429150526981408e-03 -3.675978764608300864e-02
-8.686596294856130385e-02 1.626371212424487789e-02 3.320201568647523915e-02
1.410537441389296820e-01 5.794166335034673515e-02 -1.133872256010348342e-02
-6.981547575816347828e-02 1.063359582930073488e-02 2.442848124951341529e-02
-3.384629501799877455e-02 -4.300666681188007601e-02 -2.527103378740833128e-02
4.734356902619449997e-03 -3.603844721681669777e-02 -2.941926390437245992e-02
8.098600007709409743e-02 8.704314249979550402e-03 2.807896880789124278e-02
1.091244797544226597e-01 5.056811418007721437e-02 1.444776414706773829e-02
1.358187538300641706e-01 5.163206736149220100e-02 7.063976468509428758e-03
1.142919892513796498e-01 5.775295872501768485e-02 -3.474432885695830000e-03
6.306016802713278191e-02 -1.352745548102030244e-02 2.570569697702996398e-02
1.873387218916293395e-02 -1.902351187585725120e-02 -5.366424901792377078e-02
-4.096028577468596721e-02 -1.218680287189165962e-02 1.935597204831190563e-02
-4.589204641334311552e-02 3.284681576402917469e-02 -2.424535583956070536e-02
-6.417505235880913150e-02 7.201003758493379307e-03 4.439606022847342875e-02
4.985360571464916152e-02 2.142793936807644434e-02 -1.308856840931653387e-02
-1.583789578938464603e-03 -1.787523044454513571e-02 -3.957574324816631739e-02
-2.757637238418267356e-02 -2.844840775414046383e-02 3.231442290204020185e-02
-1.354777270401060496e-01 5.208714330968197692e-02 -1.035220115378996525e-02
1.885002454915343101e-02 -3.610424929198353255e-02 4.567055150409461001e-02
6.721062455210215225e-02 -1.452613341213771121e-02 -1.592175275316780325e-02
-8.628928872888369517e-02 6.481325029499576673e-02 -5.792178789212017176e-02
1.289862658480838038e-02 -4.286018671469584568e-02 -6.574467216030084951e-03
-1.190046523395570516e-01 7.346298198976809746e-02 -2.543320513502487015e-02
4.364060320697681766e-02 1.208564663030142240e-02 -5.564820354183547951e-02
-9.008564325897573666e-02 3.357182153144818576e-02 7.682415199481626260e-03
-6.784146117982114671e-06 -8.483299170257742328e-02 1.820400193451358840e-04
-6.508309703105334687e-02 -1.446610512373582534e-02 -2.059079555900598935e-02
9.662993398466886152e-03 -2.082345139428879235e-02 1.251397051076135608e-02
-1.301642227098911454e-02 -4.494827779185417427e-02 9.921492053001502564e-04
1.617531618413442160e-02 3.187375583885331681e-02 -7.121814411181894705e-03
8.414203175524730127e-02 8.925679665700195220e-02 -5.942214849217796607e-02
2.669481714783914980e-02 -9.056801536671793551e-03 2.466187914241720416e-03
-5.433914186782075328e-02 5.057897266734585201e-02 -2.049577715473435355e-02
3.724428868681448762e-02 -2.048371054507162198e-02 -4.389342020188777282e-02
-2.699221033909446690e-02 -3.435094495810887133e-02 -8.601782502782708353e-03
-5.869389153286917737e-02 -2.244348883829570471e-02 1.721140994078122072e-02
7.819233223589454329e-02 2.827144700148252407e-02 2.290216981561984250e-02
8.707693245614037125e-02 6.246717151439506316e-02 -2.488121374563788749e-02
5.307636798749429397e-02 1.094851047780778103e-02 -2.980039027409398314e-02
-8.324110994429255103e-03 -2.604786352634992294e-02 5.507620385685625328e-03
1.850503797554157309e-02 -2.151296665311276668e-02 -2.952163479631412027e-02
-9.102041420141392114e-02 4.188164487374367723e-02 -4.869902844259060837e-02
1.630330758617906939e-01 7.854524299514235863e-02 -3.071591373836762145e-03
2.390472102819657038e-02 1.333080142421485051e-02 -5.947285934814693781e-02
1.124426377882603995e-01 3.539486028908298693e-02 -2.502691279098856816e-02
1.266711128320176794e-01 4.434909110154734713e-02 -1.420263103071037203e-02
9.277705660274618423e-04 -4.305296495997638223e-02 5.121911661112608233e-02
-9.326003752037928529e-02 2.614762392647510328e-02 -3.655996714051019253e-02
9.331203261442985730e-02 3.549696535876901982e-02 -1.296715030889158092e-02
4.101321810282452379e-02 2.419920180785532088e-02 -3.867351451026737608e-02
4.219083630542717206e-02 3.561150347118909910e-03 5.332139892325644948e-02
1.032658179216017075e-01 5.217461094164631968e-02 -1.919915226300483030e-02
-1.051994387132000192e-01 5.900949050320927758e-02 -2.614732755315813881e-02
5.572380422098131836e-02 2.798426737893528610e-02 -5.663283681348293269e-02
1.215597965183731893e-01 6.625349457893144056e-02 1.310580725363624452e-02
1.358614177107655974e-02 3.399997249816504724e-02 -2.964598932423492123e-02
4.791061604633502918e-02 -2.612095280739143432e-02 2.925694771938524077e-02
-1.221276801847556437e-01 6.454722385906319637e-02 1.035906286387826628e-02
3.327038348923554156e-02 -3.968290453157725939e-02 3.050765589389565699e-02
1.273421826068365237e-01 7.531282994081248128e-02 -4.724193066576308497e-02
3.528492794672426908e-02 2.977231314146935523e-02 -5.981298905001793814e-02
-2.523431244646303501e-02 3.307851511567890673e-02 -1.253290122608340107e-02
1.340395215873688151e-01 5.790051044744616571e-02 2.630476125072560636e-02
1.683167488020445232e-02 -6.034069680311282546e-03 -1.696802761771987189e-02
-8.617258411872524837e-03 -1.169852790232681940e-02 5.816921567046986347e-02
-1.712961914053421145e-02 -3.152334363159048358e-02 4.908599928945763663e-02
-1.308401042334278730e-01 7.213903411032231150e-02 -9.364894217280600106e-03
3.741960958842779905e-02 4.286591509123374028e-02 -4.484463370953829103e-02
8.769910599697143538e-02 3.606090061315052157e-03 7.728170278777249901e-03
-3.150106445900931196e-02 -5.278242238622311844e-03 -3.434994933739447115e-02
4.092912160829588128e-03 5.145475327498177237e-02 -2.737147691112909106e-02
7.691929209264970931e-03 -2.981865792645002795e-03 3.761516423840352476e-03
7.939023982939223678e-02 2.071015372283286152e-02 -4.329350414558252175e-02
-6.887237420791073907e-03 7.971315811720862052e-03 -5.994898528464272930e-02
1.986352857734063546e-02 -7.513841645141105738e-04 2.164810624630189931e-02
-2.067294235885933085e-02 2.246089534865539430e-02 -5.992109292482296345e-02
-6.661740447775069129e-02 4.575818411889166076e-02 -3.897458392890973400e-02
9.983285135475794547e-02 3.747912741285353011e-02 4.058107729593407598e-02
2.109973254402623677e-02 5.209381908139704143e-02 -3.788050102599064412e-02
5.285066945373148584e-02 2.716768840512466098e-03 2.011149750646298168e-02
-8.668864357297247081e-02 5.304261631115585879e-02 -3.267022109140228781e-02
-1.539453374149551967e-01 9.041254088069876349e-02 -3.961412072865383438e-02
3.531111576750167041e-02 6.667259976493710577e-03 1.138621286016682985e-02
-5.255560808725576877e-02 6.106259274039586848e-02 -3.743074184356385420e-02
-1.501319569234380209e-02 -6.217855965599917295e-02 2.475481720375136488e-02
-5.866947229810905162e-02 2.363446398198622636e-02 -1.190892171354944462e-02
5.478006458209572910e-02 -2.888930528505971249e-02 -9.683711330620681235e-03
8.167843798300271352e-02 -1.752076823500915660e-03 -1.068746895488022382e-02
5.007400021767596798e-02 6.666525585609352211e-02 -5.718098135887617062e-02
-8.294484434008266363e-03 -2.960569415860616043e-03 4.019200345571442845e-02
-1.281183654043438133e-02 -6.695743113048632615e-03 -2.737143683830698532e-02
1.536994612976244276e-03 -2.896384849724545699e-02 -5.592110839423825724e-02
5.474466742874466163e-02 -1.750593218385691416e-02 -3.135151021081498957e-02
-9.216974495201971096e-02 1.308337881240204115e-02 -2.146028161082259508e-02
-6.321125642000949285e-02 2.259864896110485503e-04 -4.009752874352237595e-02
3.494021892180403793e-02 -1.379547705272931440e-02 2.034270155575570657e-02
-1.755927297443400301e-02 1.256172142749530964e-02 4.196147759336092166e-03
-1.701916992773881351e-02 -2.608013027954941138e-02 -2.985990181427754589e-02
1.360292527849453134e-02 -4.032804819912583216e-02 1.442062135791341050e-02
4.655618433384402233e-02 -9.760775655612018847e-03 4.574075507014269473e-03
-4.016100677691196441e-02 -7.587303534514948898e-03 4.956029993515852911e-02
-1.136439873904643155e-01 2.920586839213395319e-02 4.680970300078448644e-03
-4.144374645497161946e-02 1.633329934111089898e-02 -5.729693746242819213e-02
3.171031879339089978e-04 -4.830549691693987631e-03 2.225033590206247289e-02
-5.271514969397550487e-02 -2.925351987107840945e-02 -6.175127688748948155e-04
-2.856086492197162235e-02 6.845037224365799200e-02 -4.471312364955893487e-02
-8.534333710094420267e-02 8.468745111556118255e-02 -5.994202978881833788e-02
1.790893140795238661e-02 -1.808556856947893601e-02 5.426757389420095584e-02
1.028497010511648518e-01 6.400638431122593341e-02 -5.327221622495911107e-02
-8.129339620772342567e-02 5.085058694911842592e-02 1.259719327869301617e-02
-1.435916129591901028e-02 -4.900750018385616885e-02 3.978615342016438711e-02
-1.617316066673968322e-02 -1.650553032891543051e-02 -1.027605938239582913e-02
-4.486849500904835364e-02 6.080928511389339236e-02 -5.810120376312077201e-02
3.559727468152009289e-03 9.048676616436809872e-03 -4.288196128491695430e-02
1.063968856149172248e-02 -1.634116761189508688e-03 -5.928838152820412044e-02
-1.984455337429102441e-03 2.010443567277874627e-03 -1.300130751445458324e-02
1.102214729994503289e-01 2.604527525687447970e-02 -7.390506171216464429e-03
6.233994893206770693e-02 1.130185265098029683e-02 -4.783690447111062921e-02
4.752213899147999382e-02 3.675884100459999443e-02 3.100058599597362583e-04
-1.164646142509278698e-01 5.824268560134910483e-02 -9.582401606063007879e-03
6.586428930680783556e-02 1.406320964443085473e-03 3.894926212417389177e-02
1.611550119490523167e-02 1.191300885491287063e-02 -6.513831270604807100e-03
2.818604175085195201e-02 -2.816830292519565890e-02 8.194352347538416681e-03
-1.209416954940529948e-01 8.095459350347204708e-02 -5.263920878751832122e-02
2.460450547250469730e-02 -4.658315051733089712e-03 4.109054130859077225e-02
1.248464587053291358e-01 5.315949720860694422e-02 -3.206553928845694290e-02
-1.211109101635284846e-01 3.822912799874822465e-02 -1.235597944999601745e-02
1.184111219017611738e-01 4.638617762710382786e-02 3.166220113802650782e-02
1.330877212974251531e-02 -6.466293121177693615e-02 -2.359020675102926207e-02
3.219865963214788712e-02 5.769611509792189202e-02 -5.718413978104076173e-02
4.535875695399490398e-02 -3.818099106012414617e-02 1.027637831347457537e-02
