-3.741161146731751497e-06 -8.028637973037293374e-02 -8.648216174586271024e-03
2.772277119201807874e-02 -4.081667188927277923e-02 1.314865318367630480e-02
-1.512883511623745490e-06 -7.796366341193868010e-02 1.623505357815789932e-02
-2.041464187995288213e-02 -6.080273847442917851e-02 -1.164049406788375237e-03
-2.591893645952772843e-02 -1.745398853363014369e-02 4.855461827487702470e-02
1.853596048174036351e-02 -3.444801187321944874e-02 4.354777820876325894e-02
-1.449696044580498812e-02 -5.918796480515553515e-02 2.409392129553725170e-02
-3.441860054585655802e-04 -5.243348003757598158e-02 4.356316545315207928e-02
1.465034140575367967e-02 -5.921196614626956373e-02 2.388464422167956361e-02
5.002594636547790137e-03 -6.550586058585342042e-02 -2.817980142366597468e-02
