1.850749571099605251e-02 -5.786279631783153299e-02 1.948357086724411200e-02
4.560063171984937713e-02 -1.417754390156321029e-02 3.882854859370014899e-02
3.309173648609066376e-06 -7.663182626557540900e-02 1.898885409766576382e-02
-1.631369222260348542e-02 -6.470666753982523556e-02 3.952443457968544092e-03
4.991381314773619092e-03 -5.324325050204781890e-02 4.007102957697404599e-02
1.766153373279640351e-02 -6.315472896592529140e-02 -6.131518720414083287e-03
-2.551421447060116254e-02 -3.443378730776185809e-02 3.782315813363575779e-02
-1.629168739948103073e-02 -5.537309227487423324e-02 2.713928485819079237e-02
3.770858948797935206e-02 -4.021364888731811249e-02 1.637426044294302066e-02
-3.643456277887936840e-07 -8.084456619703285496e-02 -5.956388551242068445e-03
