-4.881704369508857860e-06 -7.896132521981066854e-02 1.343232459292412889e-02
-1.438290964935356499e-02 -6.672118390784614883e-02 -2.942674336548383503e-03
-1.302072815738171581e-02 -3.617159906042471951e-02 4.568798451074405909e-02
-3.425885411031343031e-02 -2.441988591259578595e-02 3.972727168704812822e-02
-2.724390290975838708e-02 -2.177343469069897841e-02 -4.578074408340859075e-02
-3.200635483247969704e-02 -4.927948489629531414e-02 1.905320232975740052e-04
5.192131833394610790e-02 -2.783061115215001990e-02 1.100170491300723682e-02
1.321229400789983646e-02 -3.331929648327865146e-02 -4.708301739941266745e-02
9.528055908625231163e-03 -7.069545768428579791e-02 -9.007918791739016537e-03
-4.892416593950602022e-02 -3.191924237196881731e-02 -5.891696836373029079e-03
2.745605111216362776e-02 -5.348559949889515608e-02 -5.079567843170955908e-03
-5.836128113854648081e-02 -1.619409844970247717e-02 -2.287618848810443750e-02
-6.826734028593775538e-02 -1.221202325403185872e-02 7.867914238367515120e-03
1.057814542259088303e-02 -2.388388244638132291e-02 1.112585651953399389e-02
2.614650298843924220e-02 -3.889062534860254078e-02 2.374409513248873504e-02
2.241467869397934312e-02 -4.778412486263267089e-02 -2.888797967929494087e-02
1.701736226294802562e-02 -6.091389188327318155e-02 1.633782894770133970e-02
-4.542152045611327904e-02 -3.743093817391234630e-04 4.747185966045762429e-02
3.490943914453555671e-03 -6.376148246477608694e-02 -3.227045629746676247e-02
-5.510239482457215780e-03 -4.412786466601378854e-02 3.323371509458151758e-03
-1.852208858875565439e-02 -5.488443073373470288e-02 -2.456647089505443332e-02
-5.063704493389424577e-02 -2.502632764198266246e-02 2.084992581504721554e-02
8.340369513168603244e-05 -6.509137340029788610e-02 3.424547901582708498e-02
-3.355269228254360858e-02 -3.494233823124494320e-02 -2.549160384561290765e-02
5.588429401063255836e-02 -4.543057624721974323e-03 3.836892604313012906e-02
1.051358695298672784e-02 -4.398814411744410291e-02 4.257520001162554829e-02
4.387410086117898150e-02 -3.577470325340634250e-02 -1.137097612761735731e-02
-1.881888053345052991e-02 -5.738330870510075649e-02 1.981863603932063761e-02
3.844904559318344794e-02 -2.245421606790606872e-02 3.799572220914407272e-02
5.215873077502009708e-02 -1.894467364372202575e-02 -2.781451715406865755e-02
